Churn in 1m,Churn in 2m,Churn in 3m,Date & Time,Inactivity,Questions,Sentences,Sentiment,Subjectivity,Words,Sentence mean past 30 days,Word mean past 30 days,Inactive mean past 30 days,Questions mean past 30 days,Sentiment mean past 30 days,Subjectivity mean past 30 days
0,0,0,2006-06-16 04:00:00,638,0.0,7.0,-0.008465608465608466,0.35013227513227513,19.285714285714285,7.0,19.285714285714285,638.0,0.0,-0.008465608465608466,0.35013227513227513
0,0,0,2006-06-17 04:00:00,0,0.0,0.0,0.0,0.0,0.0,3.5,9.642857142857142,319.0,0.0,-0.004232804232804233,0.17506613756613756
0,0,0,2006-06-18 04:00:00,1,0.0,0.0,0.0,0.0,0.0,2.3333333333333335,6.428571428571428,213.0,0.0,-0.0028218694885361554,0.11671075837742505
0,0,0,2006-06-19 04:00:00,2,0.0,0.0,0.0,0.0,0.0,1.75,4.821428571428571,160.25,0.0,-0.0021164021164021165,0.08753306878306878
0,0,0,2006-06-20 04:00:00,3,0.0,0.0,0.0,0.0,0.0,1.4,3.8571428571428568,128.8,0.0,-0.0016931216931216932,0.07002645502645502
0,0,0,2006-06-21 04:00:00,4,0.0,0.0,0.0,0.0,0.0,1.1666666666666667,3.214285714285714,108.0,0.0,-0.0014109347442680777,0.058355379188712524
0,0,0,2006-06-22 04:00:00,5,0.0,0.0,0.0,0.0,0.0,1.0,2.7551020408163263,93.28571428571429,0.0,-0.0012093726379440665,0.050018896447467875
0,0,0,2006-06-23 04:00:00,6,0.0,0.0,0.0,0.0,0.0,0.875,2.4107142857142856,82.375,0.0,-0.0010582010582010583,0.04376653439153439
0,0,0,2006-06-24 04:00:00,7,0.0,0.0,0.0,0.0,0.0,0.7777777777777778,2.142857142857143,74.0,0.0,-0.0009406231628453851,0.03890358612580835
0,0,0,2006-06-25 04:00:00,8,0.0,0.0,0.0,0.0,0.0,0.7,1.9285714285714284,67.4,0.0,-0.0008465608465608466,0.03501322751322751
0,0,0,2006-06-26 04:00:00,9,0.0,1.0,0.0,0.0,3.6666666666666665,0.7272727272727273,2.0865800865800868,62.09090909090909,0.0,-0.0007696007696007697,0.03183020683020683
0,0,0,2006-06-27 04:00:00,0,0.0,0.0,0.0,0.0,0.0,0.6666666666666666,1.9126984126984128,56.916666666666664,0.0,-0.0007054673721340388,0.029177689594356262
0,0,0,2006-06-28 04:00:00,1,0.0,11.0,0.07727272727272727,0.3242424242424243,11.454545454545455,1.4615384615384615,2.6466866466866463,52.61538461538461,0.0,0.005292855292855293,0.05187497687497688
0,0,0,2006-06-29 04:00:00,0,0.0,0.0,0.0,0.0,0.0,1.3571428571428572,2.457637600494743,48.857142857142854,0.0,0.004914794200508486,0.0481696213839071
0,0,0,2006-06-30 04:00:00,1,0.0,0.0,0.0,0.0,0.0,1.2666666666666666,2.2937950937950933,45.666666666666664,0.0,0.00458714125380792,0.04495831329164663
0,0,0,2006-07-01 04:00:00,2,0.0625,16.0,-0.052197265625,0.34492187500000004,14.3125,2.1875,3.0449641504329,42.9375,0.00390625,0.001038115823882425,0.06370603589841871
0,0,0,2006-07-02 04:00:00,0,0.0,22.5,-0.003804347826086958,0.36032608695652174,12.521739130434785,3.3823529411764706,3.6024215021977173,40.411764705882355,0.003676470588235294,0.0007532650209430497,0.08115427419595418
0,0,0,2006-07-03 04:00:00,0,0.0,5.75,-0.003836805555555545,0.4195659722222223,12.958333333333336,3.513888888888889,4.122194381705252,38.166666666666664,0.003472222222222222,0.0004982611000264608,0.09995492408630241
0,0,0,2006-07-04 04:00:00,0,0.0,0.0,0.0,0.0,0.0,3.3289473684210527,3.905236782668133,36.1578947368421,0.003289473684210526,0.00047203683160401585,0.09469413860807596
0,0,0,2006-07-05 04:00:00,1,0.0,13.0,-0.12115384615384615,0.4782051282051282,12.615384615384615,3.8125,4.340744174303957,34.4,0.003125,-0.0056092573176684925,0.11386968808792859
0,0,0,2006-07-06 04:00:00,0,0.0,0.0,0.0,0.0,0.0,3.630952380952381,4.134042070765673,32.76190476190476,0.002976190476190476,-0.005342149826350946,0.10844732198850342
0,0,0,2006-07-07 04:00:00,1,0.0,0.0,0.0,0.0,0.0,3.465909090909091,3.946131067549052,31.318181818181817,0.002840909090909091,-0.005099324834244085,0.10351789826175327
0,0,0,2006-07-08 04:00:00,2,0.0,8.0,0.245,0.4875,10.125,3.6630434782608696,4.214777542873006,30.043478260869566,0.002717391304347826,0.005774558854201311,0.12021277225037268
0,0,0,2006-07-09 04:00:00,0,0.0,0.0,0.0,0.0,0.0,3.5104166666666665,4.039161811919964,28.791666666666668,0.0026041666666666665,0.005533952235276256,0.11520390673994048
0,0,0,2006-07-10 04:00:00,1,0.0,0.0,0.0,0.0,0.0,3.37,3.8775953394431655,27.68,0.0025,0.005312594145865206,0.11059575047034287
0,0,0,2006-07-11 04:00:00,2,0.0,1.25,0.08333333333333337,0.5083333333333333,15.0,3.2884615384615383,4.305380134079967,26.692307692307693,0.002403846153846154,0.008313391806921673,0.1258933498112271
0,0,0,2006-07-12 04:00:00,0,0.0,0.0,0.0,0.0,0.0,3.1666666666666665,4.145921610595524,25.703703703703702,0.0023148148148148147,0.008005488406665316,0.12123063315155204
0,0,0,2006-07-13 04:00:00,1,0.0,0.0,0.0,0.0,0.0,3.0535714285714284,3.9978529816456834,24.821428571428573,0.002232142857142857,0.007719578106427268,0.11690096768185375
0,0,0,2006-07-14 04:00:00,2,0.0,5.4,-0.02735632183908046,0.17468390804597705,11.310344827586205,3.13448275862069,4.2500078728850115,24.03448275862069,0.0021551724137931034,0.006510064315202865,0.11889348286682351
0,0,0,2006-07-15 04:00:00,0,0.0,0.0,0.0,0.0,0.0,3.0300000000000002,4.108340943788845,23.233333333333334,0.0020833333333333333,0.00629306217136277,0.11493036677126273
0,0,0,2006-07-16 04:00:00,1,0.0,0.0,0.0,0.0,0.0,2.796666666666667,3.4654838009317017,2.0,0.0020833333333333333,0.006575249120216385,0.10325929093352022
0,0,0,2006-07-17 04:00:00,2,0.0,0.0,0.0,0.0,0.0,2.796666666666667,3.465483800931702,2.066666666666667,0.0020833333333333333,0.006575249120216385,0.10325929093352022
0,0,0,2006-07-18 04:00:00,3,0.0,5.0,-0.05268817204301074,0.3231182795698925,15.451612903225806,2.9633333333333334,3.980537564372562,2.1333333333333333,0.0020833333333333333,0.004818976718782693,0.11402990025251665
0,0,0,2006-07-19 04:00:00,0,0.0,0.0,0.0,0.0,0.0,2.9633333333333334,3.980537564372562,2.066666666666667,0.0020833333333333333,0.004818976718782693,0.11402990025251665
0,0,0,2006-07-20 04:00:00,1,0.0,10.0,0.07333333333333332,0.25,12.6,3.296666666666667,4.400537564372561,2.0,0.0020833333333333333,0.007263421163227137,0.12236323358584998
0,0,0,2006-07-21 04:00:00,0,0.0,0.0,0.0,0.0,0.0,3.296666666666667,4.400537564372561,1.8666666666666667,0.0020833333333333333,0.007263421163227137,0.12236323358584998
0,0,0,2006-07-22 04:00:00,1,0.0,0.0,0.0,0.0,0.0,3.296666666666667,4.400537564372562,1.7333333333333334,0.0020833333333333333,0.007263421163227137,0.12236323358584998
0,0,0,2006-07-23 04:00:00,2,0.0,0.0,0.0,0.0,0.0,3.296666666666667,4.400537564372562,1.6,0.0020833333333333333,0.007263421163227137,0.12236323358584998
0,0,0,2006-07-24 04:00:00,3,0.0,0.0,0.0,0.0,0.0,3.296666666666667,4.400537564372562,1.4666666666666666,0.0020833333333333333,0.007263421163227137,0.12236323358584998
0,0,0,2006-07-25 04:00:00,4,0.0,2.5,-0.01999999999999999,0.2333333333333333,13.8,3.3800000000000003,4.860537564372563,1.3333333333333333,0.0020833333333333333,0.00659675449656047,0.13014101136362777
0,0,0,2006-07-26 04:00:00,0,0.0,1.0,0.0,0.3333333333333333,12.0,3.3800000000000003,5.1383153421503405,1.0333333333333334,0.0020833333333333333,0.00659675449656047,0.14125212247473887
0,0,0,2006-07-27 04:00:00,0,0.0,0.0,0.0,0.0,0.0,3.3800000000000003,5.1383153421503405,1.0333333333333334,0.0020833333333333333,0.006596754496560471,0.14125212247473887
0,0,0,2006-07-28 04:00:00,1,0.0,4.0,0.3458333333333333,0.55,9.75,3.146666666666667,5.081497160332158,1.0333333333333334,0.0020833333333333333,0.015548774698580672,0.14877737499999139
0,0,0,2006-07-29 04:00:00,0,0.03508771929824561,3.333333333333333,-0.015307017543859644,0.2584941520467836,9.596491228070176,3.2577777777777777,5.4013802012678305,1.0333333333333334,0.003252923976608187,0.015038540780452017,0.15739384673488419
0,0,0,2006-07-30 04:00:00,0,0.0,2.0,-0.025,0.325,9.0,3.3244444444444445,5.70138020126783,1.0,0.003252923976608187,0.014205207447118682,0.16822718006821752
0,0,0,2006-07-31 04:00:00,0,0.0,0.0,0.0,0.0,0.0,3.217204301075269,5.517464710904353,0.967741935483871,0.003147990945104697,0.013746974948824535,0.1628004968402105
0,0,0,2006-08-01 04:00:00,1,0.0,0.0,0.0,0.0,0.0,2.7010752688172044,5.055771162517256,0.9354838709677419,0.0011318619128466326,0.015430757710921304,0.15167398474343632
0,0,0,2006-08-02 04:00:00,2,0.0,0.0,0.0,0.0,0.0,1.9752688172043011,4.651844093793553,1.0,0.0011318619128466326,0.015553478608537013,0.1400505625835485
0,0,0,2006-08-03 04:00:00,3,0.0,10.5,-0.03888888888888887,0.3422222222222222,14.227272727272727,2.128494623655914,4.692777622630308,1.096774193548387,0.0011318619128466326,0.014422766242945617,0.13755560290612914
0,0,0,2006-08-04 04:00:00,0,0.0,0.0,0.0,0.0,0.0,2.128494623655914,4.692777622630308,1.096774193548387,0.0011318619128466326,0.014422766242945617,0.13755560290612914
0,0,0,2006-08-05 04:00:00,1,0.0,3.0,-0.13333333333333333,0.4111111111111112,10.666666666666666,1.8059139784946237,4.629915753316825,1.096774193548387,0.0011318619128466326,0.014029879559736353,0.13539127977406407
0,0,0,2006-08-06 04:00:00,0,0.0,0.0,0.0,0.0,0.0,1.8059139784946234,4.629915753316825,1.096774193548387,0.0011318619128466326,0.014029879559736353,0.13539127977406407
0,0,0,2006-08-07 04:00:00,1,0.0,1.5,0.1375,0.225,8.5,1.854301075268817,4.904109301703922,1.096774193548387,0.0011318619128466326,0.0184653634307041,0.14264934429019313
0,0,0,2006-08-08 04:00:00,0,0.0,0.0,0.0,0.0,0.0,1.5962365591397847,4.577496398478115,1.032258064516129,0.0011318619128466326,0.010562137624252486,0.1269235378385802
0,0,0,2006-08-09 04:00:00,1,0.0,2.0,0.24,0.925,9.5,1.660752688172043,4.883948011381341,1.064516129032258,0.0011318619128466326,0.01830407310812345,0.15676224751599954
0,0,0,2006-08-10 04:00:00,0,0.0,0.0,0.0,0.0,0.0,1.660752688172043,4.883948011381341,1.032258064516129,0.0011318619128466326,0.01830407310812345,0.15676224751599954
0,0,0,2006-08-11 04:00:00,1,0.0,1.0,0.35,0.5,6.0,1.6526881720430107,4.5936254307361795,1.0,0.0011318619128466326,0.02690622364575786,0.1564934303116985
0,0,0,2006-08-12 04:00:00,0,0.0,0.0,0.0,0.0,0.0,1.6526881720430107,4.5936254307361795,1.0,0.0011318619128466326,0.02690622364575786,0.1564934303116985
0,0,0,2006-08-13 04:00:00,1,0.0,0.0,0.0,0.0,0.0,1.6526881720430107,4.5936254307361795,1.0,0.0011318619128466326,0.02690622364575786,0.1564934303116985
0,0,0,2006-08-14 04:00:00,2,0.0,0.0,0.0,0.0,0.0,1.4784946236559138,4.228775597588237,1.0,0.0011318619128466326,0.027788685640566906,0.1508584655360218
0,0,0,2006-08-15 04:00:00,3,0.0,0.0,0.0,0.0,0.0,1.4784946236559138,4.228775597588237,1.096774193548387,0.0011318619128466326,0.027788685640566906,0.1508584655360218
0,0,0,2006-08-16 04:00:00,4,0.0,0.0,0.0,0.0,0.0,1.4784946236559138,4.228775597588237,1.1935483870967742,0.0011318619128466326,0.027788685640566906,0.1508584655360218
0,0,0,2006-08-17 04:00:00,5,0.0,0.0,0.0,0.0,0.0,1.4784946236559138,4.228775597588237,1.2903225806451613,0.0011318619128466326,0.027788685640566906,0.1508584655360218
0,0,0,2006-08-18 04:00:00,6,0.0,0.0,0.0,0.0,0.0,1.3172043010752688,3.730336471677728,1.3870967741935485,0.0011318619128466326,0.029488304093567255,0.1404352952273156
0,0,0,2006-08-19 04:00:00,7,0.0,0.0,0.0,0.0,0.0,1.3172043010752688,3.730336471677728,1.6129032258064515,0.0011318619128466326,0.02948830409356725,0.1404352952273156
0,0,0,2006-08-20 04:00:00,8,0.0,0.0,0.0,0.0,0.0,0.9946236559139785,3.3238848587745022,1.8387096774193548,0.0011318619128466326,0.02712271269571779,0.13237077909828335
0,0,0,2006-08-21 04:00:00,9,0.0,0.0,0.0,0.0,0.0,0.9946236559139785,3.3238848587745022,2.129032258064516,0.0011318619128466326,0.02712271269571779,0.13237077909828335
0,0,0,2006-08-22 04:00:00,10,0.0,3.6666666666666665,-0.06363636363636363,0.13636363636363635,8.909090909090908,1.1129032258064515,3.611274888100015,2.4193548387096775,0.0011318619128466326,0.025069926771964127,0.13676960607775546
0,0,0,2006-08-23 04:00:00,0,0.05882352941176471,3.8333333333333335,-0.0009803921568627438,0.3616013071895424,11.117647058823529,1.236559139784946,3.9699086641910966,2.3548387096774195,0.0030293951196777528,0.025038301218516936,0.14843416437419232
0,0,0,2006-08-24 04:00:00,0,0.0,5.0,0.06500000000000003,0.5,13.0,1.3978494623655915,4.389263502900774,2.2580645161290325,0.0030293951196777528,0.027135075412065324,0.16456319663225683
0,0,0,2006-08-25 04:00:00,0,0.0,0.0,0.0,0.0,0.0,1.317204301075269,3.9441022125781933,2.129032258064516,0.0030293951196777528,0.027780236702387908,0.15703631491182674
0,0,0,2006-08-26 04:00:00,1,0.0,0.0,0.0,0.0,0.0,1.2849462365591398,3.5570054383846452,2.161290322580645,0.0030293951196777528,0.027780236702387908,0.14628362673978373
0,0,0,2006-08-27 04:00:00,2,0.0,0.0,0.0,0.0,0.0,1.2849462365591398,3.5570054383846452,2.225806451612903,0.0030293951196777528,0.027780236702387908,0.14628362673978376
0,0,0,2006-08-28 04:00:00,3,0.0,4.0,0.037500000000000006,0.175,14.5,1.2849462365591398,3.7102312448362578,2.2903225806451615,0.0030293951196777528,0.01783400014324812,0.13418685254623536
0,0,0,2006-08-29 04:00:00,0,0.0,0.0,0.0,0.0,0.0,1.1774193548387097,3.400667011672705,2.2903225806451615,0.0018975332068311198,0.018327774902727464,0.12584833151246816
0,0,0,2006-08-30 04:00:00,1,0.0,1.3333333333333333,0.18,0.5199999999999999,6.6,1.1559139784946237,3.323247656833995,2.3225806451612905,0.0018975332068311198,0.024940678128533917,0.13213865409311332
0,0,0,2006-08-31 04:00:00,0,0.0,2.333333333333333,0.11125000000000003,0.375,6.125,1.2311827956989247,3.520828301995285,2.3225806451612905,0.0018975332068311198,0.028529387805953273,0.1442354282866617
0,0,0,2006-09-01 04:00:00,0,0.0,0.0,0.0,0.0,0.0,1.2311827956989247,3.520828301995285,2.2903225806451615,0.0018975332068311198,0.028529387805953273,0.1442354282866617
0,0,0,2006-09-02 04:00:00,1,0.0,0.0,0.0,0.0,0.0,1.2311827956989247,3.520828301995285,2.2580645161290325,0.0018975332068311198,0.028529387805953273,0.14423542828666167
0,0,0,2006-09-03 04:00:00,2,0.0,0.0,0.0,0.0,0.0,0.8924731182795698,3.0618840204703583,2.225806451612903,0.0018975332068311198,0.029783868092691623,0.13319600176336419
0,0,0,2006-09-04 04:00:00,3,0.0,0.0,0.0,0.0,0.0,0.8924731182795698,3.0618840204703583,2.3225806451612905,0.0018975332068311198,0.029783868092691623,0.13319600176336419
0,0,0,2006-09-05 04:00:00,4,0.0,0.0,0.0,0.0,0.0,0.7956989247311828,2.717797998964982,2.4193548387096775,0.0018975332068311198,0.03408494336150883,0.11993435301784447
0,0,0,2006-09-06 04:00:00,5,0.0,0.0,0.0,0.0,0.0,0.7956989247311828,2.717797998964982,2.5806451612903225,0.0018975332068311198,0.03408494336150883,0.11993435301784447
0,0,0,2006-09-07 04:00:00,6,0.0,0.0,0.0,0.0,0.0,0.7473118279569891,2.443604450577885,2.7419354838709675,0.0018975332068311198,0.029649459490541086,0.11267628850171543
0,0,0,2006-09-08 04:00:00,7,0.0,0.0,0.0,0.0,0.0,0.7473118279569891,2.443604450577885,2.967741935483871,0.0018975332068311198,0.029649459490541086,0.11267628850171543
0,0,0,2006-09-09 04:00:00,8,0.0,0.0,0.0,0.0,0.0,0.6827956989247311,2.1371528376746594,3.193548387096774,0.0018975332068311198,0.021907524006670117,0.08283757882429608
0,0,0,2006-09-10 04:00:00,9,0.0,0.0,0.0,0.0,0.0,0.6827956989247311,2.1371528376746594,3.4838709677419355,0.0018975332068311198,0.021907524006670117,0.08283757882429608
0,0,0,2006-09-11 04:00:00,10,0.0,0.0,0.0,0.0,0.0,0.6505376344086021,1.9436044505778851,3.774193548387097,0.0018975332068311198,0.010617201426024958,0.06670854656623157
0,0,0,2006-09-12 04:00:00,11,0.0,0.0,0.0,0.0,0.0,0.6505376344086021,1.9436044505778851,4.129032258064516,0.0018975332068311198,0.010617201426024958,0.06670854656623157
0,0,0,2006-09-13 04:00:00,12,0.0,0.0,0.0,0.0,0.0,0.6505376344086021,1.9436044505778851,4.483870967741935,0.0018975332068311198,0.010617201426024958,0.06670854656623157
0,0,0,2006-09-14 04:00:00,13,0.0,0.0,0.0,0.0,0.0,0.6505376344086021,1.9436044505778851,4.838709677419355,0.0018975332068311198,0.010617201426024958,0.06670854656623157
0,0,0,2006-09-15 04:00:00,14,0.0,0.0,0.0,0.0,0.0,0.6505376344086022,1.9436044505778851,5.193548387096774,0.0018975332068311198,0.010617201426024958,0.06670854656623157
0,0,0,2006-09-16 04:00:00,15,0.0,0.0,0.0,0.0,0.0,0.6505376344086022,1.9436044505778851,5.548387096774194,0.0018975332068311198,0.010617201426024958,0.06670854656623157
0,0,0,2006-09-17 04:00:00,16,0.0,0.0,0.0,0.0,0.0,0.6505376344086022,1.9436044505778851,5.903225806451613,0.0018975332068311198,0.010617201426024958,0.06670854656623157
0,0,0,2006-09-18 04:00:00,17,0.0,0.0,0.0,0.0,0.0,0.6505376344086022,1.9436044505778851,6.258064516129032,0.0018975332068311198,0.010617201426024958,0.06670854656623157
0,0,0,2006-09-19 04:00:00,18,0.0,0.0,0.0,0.0,0.0,0.6505376344086022,1.9436044505778851,6.612903225806452,0.0018975332068311198,0.010617201426024958,0.06670854656623157
0,0,0,2006-09-20 04:00:00,19,0.0,0.0,0.0,0.0,0.0,0.6505376344086022,1.9436044505778851,6.967741935483871,0.0018975332068311198,0.010617201426024958,0.06670854656623157
0,0,0,2006-09-21 04:00:00,20,0.0,0.0,0.0,0.0,0.0,0.6505376344086022,1.9436044505778851,7.32258064516129,0.0018975332068311198,0.010617201426024958,0.06670854656623157
0,0,0,2006-09-22 04:00:00,21,0.0,0.0,0.0,0.0,0.0,0.532258064516129,1.656214421252372,7.67741935483871,0.0018975332068311198,0.012669987349778623,0.06230971958675943
0,0,0,2006-09-23 04:00:00,22,0.0,0.0,0.0,0.0,0.0,0.4086021505376344,1.2975806451612903,8.387096774193548,0.0,0.012701612903225808,0.05064516129032257
0,0,0,2006-09-24 04:00:00,23,0.0,0.0,0.0,0.0,0.0,0.24731182795698922,0.878225806451613,9.129032258064516,0.0,0.01060483870967742,0.03451612903225806
0,0,0,2006-09-25 04:00:00,24,0.0,0.0,0.0,0.0,0.0,0.24731182795698922,0.878225806451613,9.903225806451612,0.0,0.01060483870967742,0.03451612903225806
0,0,0,2006-09-26 04:00:00,25,0.0,2.6666666666666665,0.07291666666666669,0.41875,11.5,0.3333333333333333,1.2491935483870968,10.67741935483871,0.0,0.01295698924731183,0.04802419354838709
0,0,0,2006-09-27 04:00:00,0,0.0,0.0,0.0,0.0,0.0,0.3333333333333333,1.2491935483870968,10.612903225806452,0.0,0.01295698924731183,0.04802419354838709
0,0,0,2006-09-28 04:00:00,1,0.0,0.0,0.0,0.0,0.0,0.2043010752688172,0.7814516129032258,10.548387096774194,0.0,0.01174731182795699,0.04237903225806451
0,0,0,2006-09-29 04:00:00,2,0.0,0.0,0.0,0.0,0.0,0.2043010752688172,0.7814516129032258,10.612903225806452,0.0,0.01174731182795699,0.04237903225806451
0,0,0,2006-09-30 04:00:00,3,0.0,0.0,0.0,0.0,0.0,0.16129032258064516,0.5685483870967742,10.67741935483871,0.0,0.005940860215053765,0.02560483870967742
0,0,0,2006-10-01 04:00:00,4,0.0,0.0,0.0,0.0,0.0,0.08888888888888888,0.38333333333333336,11.166666666666666,0.0,0.002430555555555556,0.013958333333333333
0,0,0,2006-10-02 04:00:00,5,0.0,0.0,0.0,0.0,0.0,0.08888888888888888,0.38333333333333336,11.3,0.0,0.002430555555555556,0.013958333333333333
0,0,0,2006-10-03 04:00:00,6,0.0,0.0,0.0,0.0,0.0,0.08888888888888888,0.38333333333333336,11.433333333333334,0.0,0.002430555555555556,0.013958333333333333
0,0,0,2006-10-04 04:00:00,7,0.0,4.0,-0.0125,0.1,14.0,0.2222222222222222,0.85,11.566666666666666,0.0,0.0020138888888888897,0.017291666666666667
0,0,0,2006-10-05 04:00:00,0,0.0,0.0,0.0,0.0,0.0,0.2222222222222222,0.85,11.433333333333334,0.0,0.0020138888888888897,0.017291666666666667
0,0,0,2006-10-06 04:00:00,1,0.0,0.0,0.0,0.0,0.0,0.2222222222222222,0.85,11.3,0.0,0.0020138888888888897,0.017291666666666667
0,0,0,2006-10-07 04:00:00,2,0.0,0.0,0.0,0.0,0.0,0.2222222222222222,0.85,11.166666666666666,0.0,0.0020138888888888897,0.017291666666666667
0,0,0,2006-10-08 04:00:00,3,0.0,0.0,0.0,0.0,0.0,0.2222222222222222,0.85,11.033333333333333,0.0,0.0020138888888888897,0.017291666666666667
0,0,0,2006-10-09 04:00:00,4,0.0,2.0,-0.06770833333333334,0.6208333333333333,11.0,0.28888888888888886,1.2166666666666666,10.9,0.0,-0.00024305555555555514,0.037986111111111116
0,0,0,2006-10-10 04:00:00,0,0.0,1.0,0.0,0.0,6.0,0.3222222222222222,1.4166666666666667,10.6,0.0,-0.00024305555555555514,0.037986111111111116
0,0,0,2006-10-11 04:00:00,0,0.05555555555555555,4.0,0.06666666666666668,0.28518518518518515,11.888888888888891,0.45555555555555555,1.812962962962963,10.266666666666667,0.0018518518518518517,0.0019791666666666677,0.04749228395061729
0,0,0,2006-10-12 04:00:00,0,0.25,4.0,0.1947916666666667,0.334375,9.5,0.5888888888888888,2.1296296296296298,9.9,0.010185185185185186,0.008472222222222221,0.058638117283950617
0,0,0,2006-10-13 04:00:00,0,0.0,0.0,0.0,0.0,0.0,0.5888888888888888,2.1296296296296298,9.5,0.010185185185185186,0.008472222222222221,0.058638117283950617
0,0,0,2006-10-14 04:00:00,1,0.0,1.0,0.016666666666666666,0.3583333333333333,10.0,0.6222222222222221,2.462962962962963,9.1,0.010185185185185186,0.009027777777777779,0.07058256172839507
0,0,0,2006-10-15 04:00:00,0,0.0,0.0,0.0,0.0,0.0,0.6222222222222221,2.462962962962963,8.633333333333333,0.010185185185185186,0.009027777777777779,0.07058256172839507
0,0,0,2006-10-16 04:00:00,1,0.0,0.0,0.0,0.0,0.0,0.6222222222222221,2.462962962962963,8.166666666666666,0.010185185185185186,0.009027777777777777,0.07058256172839505
0,0,0,2006-10-17 04:00:00,2,0.0,0.0,0.0,0.0,0.0,0.6222222222222221,2.462962962962963,7.7,0.010185185185185186,0.009027777777777779,0.07058256172839505
0,0,0,2006-10-18 04:00:00,3,0.0,0.0,0.0,0.0,0.0,0.6222222222222221,2.462962962962963,7.233333333333333,0.010185185185185186,0.009027777777777779,0.07058256172839507
0,0,0,2006-10-19 04:00:00,4,0.0,0.0,0.0,0.0,0.0,0.6222222222222221,2.462962962962963,6.766666666666667,0.010185185185185186,0.009027777777777779,0.07058256172839507
0,0,0,2006-10-20 04:00:00,5,0.0,2.0,0.06666666666666668,0.2833333333333334,6.0,0.6888888888888889,2.662962962962963,6.3,0.010185185185185186,0.011250000000000003,0.0800270061728395
0,0,0,2006-10-21 04:00:00,0,0.0,0.0,0.0,0.0,0.0,0.6888888888888889,2.662962962962963,5.633333333333334,0.010185185185185186,0.011250000000000003,0.0800270061728395
0,0,0,2006-10-22 04:00:00,1,0.0,0.0,0.0,0.0,0.0,0.6888888888888889,2.662962962962963,4.966666666666667,0.010185185185185186,0.011250000000000003,0.08002700617283949
0,0,0,2006-10-23 04:00:00,2,0.0,0.0,0.0,0.0,0.0,0.6888888888888889,2.662962962962963,4.3,0.010185185185185186,0.011250000000000001,0.0800270061728395
0,0,0,2006-10-24 04:00:00,3,0.06818181818181818,3.4545454545454546,0.04417613636363636,0.3272727272727273,10.022727272727273,0.804040404040404,2.9970538720538724,3.6333333333333333,0.012457912457912458,0.01272253787878788,0.09093609708193041
0,0,0,2006-10-25 04:00:00,0,0.0,0.0,0.0,0.0,0.0,0.804040404040404,2.9970538720538724,2.8333333333333335,0.012457912457912458,0.01272253787878788,0.09093609708193041
0,0,0,2006-10-26 04:00:00,1,0.0,0.0,0.0,0.0,0.0,0.7151515151515151,2.6137205387205387,2.033333333333333,0.012457912457912458,0.010291982323232324,0.07697776374859708
0,0,0,2006-10-27 04:00:00,2,0.0,0.0,0.0,0.0,0.0,0.7151515151515151,2.6137205387205387,2.1,0.012457912457912456,0.010291982323232324,0.07697776374859708
0,0,0,2006-10-28 04:00:00,3,0.0,0.0,0.0,0.0,0.0,0.7151515151515151,2.6137205387205387,2.1666666666666665,0.012457912457912458,0.010291982323232323,0.07697776374859709
0,0,0,2006-10-29 04:00:00,4,0.0,1.0,0.0,0.0,1.0,0.7484848484848484,2.6470538720538723,2.2333333333333334,0.012457912457912458,0.010291982323232323,0.07697776374859709
0,0,0,2006-10-30 04:00:00,0,0.0,1.5,0.6299999999999999,0.6666666666666666,4.333333333333333,0.7984848484848485,2.791498316498317,2.1333333333333333,0.012457912457912458,0.03129198232323232,0.0991999859708193
0,0,0,2006-10-31 04:00:00,0,0.0,2.25,-0.013333333333333336,0.2083333333333333,7.6,0.845307917888563,2.946611274030629,2.064516129032258,0.01205604431410883,0.029852456011730207,0.10272041653090042
0,0,0,2006-11-01 04:00:00,0,0.0,3.0,0.05833333333333333,0.13333333333333333,7.333333333333332,0.9420821114369501,3.1831704138155748,1.935483870967742,0.012056044314108831,0.03173417644183773,0.1070214917997176
0,0,0,2006-11-02 04:00:00,0,0.0,0.0,0.0,0.0,0.0,0.9420821114369501,3.1831704138155748,1.7741935483870968,0.012056044314108831,0.03173417644183773,0.1070214917997176
0,0,0,2006-11-03 04:00:00,1,0.0,0.0,0.0,0.0,0.0,0.9420821114369501,3.183170413815575,1.6129032258064515,0.012056044314108831,0.03173417644183773,0.1070214917997176
0,0,0,2006-11-04 04:00:00,2,0.2222222222222222,4.5,0.06388888888888887,0.18333333333333326,10.333333333333334,0.9582111436950146,3.0648908439231017,1.4516129032258065,0.01922450309547084,0.03419833414793092,0.10970966384272836
0,0,0,2006-11-05 04:00:00,0,0.0,0.0,0.0,0.0,0.0,0.9582111436950146,3.0648908439231017,1.4516129032258065,0.01922450309547084,0.03419833414793092,0.10970966384272836
0,0,0,2006-11-06 04:00:00,1,0.0,0.0,0.0,0.0,0.0,0.9582111436950146,3.0648908439231017,1.4516129032258065,0.01922450309547084,0.03419833414793092,0.10970966384272836
0,0,0,2006-11-07 04:00:00,2,0.0,0.0,0.0,0.0,0.0,0.9582111436950146,3.0648908439231017,1.4516129032258065,0.01922450309547084,0.03419833414793092,0.10970966384272836
0,0,0,2006-11-08 04:00:00,3,0.0,0.0,0.0,0.0,0.0,0.9582111436950146,3.0648908439231017,1.4516129032258065,0.01922450309547084,0.03419833414793092,0.10970966384272836
0,0,0,2006-11-09 04:00:00,4,0.0,0.0,0.0,0.0,0.0,0.8936950146627566,2.7100521342456827,1.4516129032258065,0.01922450309547084,0.036382473932877156,0.08968278212229826
0,0,0,2006-11-10 04:00:00,5,0.0,1.5,0.3,0.4166666666666667,5.25,0.9098240469208211,2.6858585858585857,1.6129032258064515,0.01922450309547084,0.04605989328771586,0.10312364233735202
0,0,0,2006-11-11 04:00:00,0,0.0,0.0,0.0,0.0,0.0,0.780791788856305,2.3023460410557184,1.6129032258064515,0.017432388400130335,0.04390935565330726,0.0939241202346041
0,0,0,2006-11-12 04:00:00,1,0.0,0.0,0.0,0.0,0.0,0.6517595307917888,1.9958944281524926,1.6451612903225807,0.009367872271098077,0.03762575350276962,0.08313782991202345
0,0,0,2006-11-13 04:00:00,2,0.0,2.0,0.0,0.0,5.5,0.7162756598240468,2.1733137829912024,1.7096774193548387,0.009367872271098077,0.03762575350276962,0.08313782991202345
0,0,0,2006-11-14 04:00:00,0,0.0,7.0,-0.06428571428571428,0.4714285714285714,11.428571428571427,0.9098240469208211,2.2193967322999577,1.6774193548387097,0.009367872271098077,0.03501438637527347,0.08678606339896662
0,0,0,2006-11-15 04:00:00,0,0.0,0.0,0.0,0.0,0.0,0.9098240469208211,2.2193967322999577,1.6774193548387097,0.009367872271098077,0.03501438637527347,0.08678606339896662
0,0,0,2006-11-16 04:00:00,1,0.0,1.3333333333333333,0.21875,0.4375,11.0,0.9528347996089932,2.574235441977377,1.6774193548387097,0.009367872271098077,0.04207083798817669,0.10089896662477307
0,0,0,2006-11-17 04:00:00,0,0.0,0.0,0.0,0.0,0.0,0.9528347996089931,2.5742354419773776,1.6129032258064515,0.009367872271098077,0.04207083798817669,0.10089896662477306
0,0,0,2006-11-18 04:00:00,1,0.0,0.0,0.0,0.0,0.0,0.9528347996089931,2.574235441977377,1.5483870967741935,0.009367872271098077,0.04207083798817669,0.10089896662477307
0,0,0,2006-11-19 04:00:00,2,0.0,0.0,0.0,0.0,0.0,0.9528347996089931,2.574235441977377,1.4838709677419355,0.009367872271098077,0.04207083798817669,0.10089896662477307
0,0,0,2006-11-20 04:00:00,3,0.0,0.0,0.0,0.0,0.0,0.888318670576735,2.3806870548806027,1.4193548387096775,0.009367872271098077,0.03992030035376809,0.09175918167853651
0,0,0,2006-11-21 04:00:00,4,0.0,0.0,0.0,0.0,0.0,0.888318670576735,2.3806870548806036,1.5483870967741935,0.009367872271098077,0.03992030035376809,0.0917591816785365
0,0,0,2006-11-22 04:00:00,5,0.0,3.0,0.042857142857142864,0.10714285714285714,9.142857142857142,0.9850928641251221,2.6756179304566405,1.6774193548387097,0.009367872271098077,0.04130278883303077,0.0952154028766932
0,0,0,2006-11-23 04:00:00,0,0.0,0.0,0.0,0.0,0.0,0.9850928641251221,2.6756179304566396,1.6129032258064515,0.009367872271098077,0.04130278883303077,0.0952154028766932
0,0,0,2006-11-24 04:00:00,1,0.0,0.0,0.0,0.0,0.0,0.8736559139784947,2.3523041474654374,1.5483870967741935,0.007168458781362007,0.03987775217613927,0.08465821812596006
0,0,0,2006-11-25 04:00:00,2,0.0,0.0,0.0,0.0,0.0,0.8736559139784947,2.3523041474654374,1.6129032258064515,0.007168458781362007,0.03987775217613927,0.08465821812596006
0,0,0,2006-11-26 04:00:00,3,0.0,0.0,0.0,0.0,0.0,0.8736559139784946,2.3523041474654374,1.6774193548387097,0.007168458781362007,0.03987775217613927,0.08465821812596006
0,0,0,2006-11-27 04:00:00,4,0.0,0.0,0.0,0.0,0.0,0.8736559139784946,2.3523041474654374,1.7419354838709677,0.007168458781362007,0.03987775217613927,0.08465821812596006
0,0,0,2006-11-28 04:00:00,5,0.0,0.0,0.0,0.0,0.0,0.8736559139784947,2.3523041474654374,1.8064516129032258,0.007168458781362007,0.03987775217613927,0.08465821812596006
0,0,0,2006-11-29 04:00:00,6,0.0,0.0,0.0,0.0,0.0,0.8413978494623656,2.3200460829493084,1.8709677419354838,0.007168458781362007,0.03987775217613927,0.08465821812596006
0,0,0,2006-11-30 04:00:00,7,0.0,0.0,0.0,0.0,0.0,0.793010752688172,2.1802611367127493,2.096774193548387,0.007168458781362007,0.019555171530977983,0.06315284178187404
0,0,0,2006-12-01 04:00:00,8,0.0,0.0,0.0,0.0,0.0,0.6444444444444444,1.7551587301587301,2.433333333333333,0.007407407407407407,0.01870701058201058,0.05386904761904762
0,0,0,2006-12-02 04:00:00,9,0.0,0.0,0.0,0.0,0.0,0.6444444444444445,1.7551587301587301,2.7333333333333334,0.007407407407407407,0.01870701058201058,0.05386904761904762
0,0,0,2006-12-03 04:00:00,10,0.0,0.0,0.0,0.0,0.0,0.6444444444444445,1.7551587301587301,3.033333333333333,0.007407407407407407,0.01870701058201058,0.05386904761904762
0,0,0,2006-12-04 04:00:00,11,0.0,1.0,0.0,0.0,14.0,0.5277777777777778,1.8773809523809524,3.3333333333333335,0.0,0.01657738095238095,0.047757936507936506
0,0,0,2006-12-05 04:00:00,0,0.0,0.0,0.0,0.0,0.0,0.5277777777777778,1.8773809523809524,3.3333333333333335,0.0,0.01657738095238095,0.047757936507936506
0,0,0,2006-12-06 04:00:00,1,0.0,0.0,0.0,0.0,0.0,0.5277777777777778,1.8773809523809524,3.3333333333333335,0.0,0.01657738095238095,0.047757936507936506
0,0,0,2006-12-07 04:00:00,2,0.0,1.0,0.0,0.0,5.0,0.5611111111111112,2.044047619047619,3.3333333333333335,0.0,0.01657738095238095,0.047757936507936506
0,0,0,2006-12-08 04:00:00,0,0.0,3.0,0.04444444444444445,0.1888888888888889,6.333333333333332,0.6611111111111111,2.25515873015873,3.2333333333333334,0.0,0.018058862433862434,0.054054232804232806
0,0,0,2006-12-09 04:00:00,0,0.0,0.0,0.0,0.0,0.0,0.6611111111111111,2.25515873015873,3.1,0.0,0.018058862433862434,0.054054232804232806
0,0,0,2006-12-10 04:00:00,1,0.0,0.0,0.0,0.0,0.0,0.6111111111111112,2.08015873015873,2.966666666666667,0.0,0.008058862433862436,0.04016534391534391
0,0,0,2006-12-11 04:00:00,2,0.0,0.0,0.0,0.0,0.0,0.6111111111111112,2.08015873015873,3.033333333333333,0.0,0.008058862433862436,0.04016534391534391
0,0,0,2006-12-12 04:00:00,3,0.0,0.0,0.0,0.0,0.0,0.6111111111111112,2.08015873015873,3.1,0.0,0.008058862433862436,0.04016534391534391
0,0,0,2006-12-13 04:00:00,4,0.0,1.5,0.5111111111111111,0.7222222222222223,8.0,0.5944444444444446,2.1634920634920634,3.1666666666666665,0.0,0.02509589947089947,0.06423941798941799
0,0,0,2006-12-14 04:00:00,0,0.0,0.0,0.0,0.0,0.0,0.3611111111111111,1.7825396825396824,3.1666666666666665,0.0,0.027238756613756614,0.048525132275132284
0,0,0,2006-12-15 04:00:00,1,0.0,0.0,0.0,0.0,0.0,0.3611111111111111,1.7825396825396824,3.2,0.0,0.027238756613756614,0.048525132275132284
0,0,0,2006-12-16 04:00:00,2,0.0,5.0,0.016666666666666684,0.32666666666666666,10.0,0.48333333333333334,1.749206349206349,3.2333333333333334,0.0,0.0205026455026455,0.04483068783068784
0,0,0,2006-12-17 04:00:00,0,0.0,0.0,0.0,0.0,0.0,0.48333333333333334,1.749206349206349,3.2333333333333334,0.0,0.0205026455026455,0.04483068783068784
0,0,0,2006-12-18 04:00:00,1,0.0,0.0,0.0,0.0,0.0,0.48333333333333334,1.749206349206349,3.2333333333333334,0.0,0.0205026455026455,0.04483068783068784
0,0,0,2006-12-19 04:00:00,2,0.0,0.0,0.0,0.0,0.0,0.48333333333333334,1.749206349206349,3.2333333333333334,0.0,0.0205026455026455,0.04483068783068784
0,0,0,2006-12-20 04:00:00,3,0.0,0.0,0.0,0.0,0.0,0.48333333333333334,1.749206349206349,3.2333333333333334,0.0,0.0205026455026455,0.04483068783068784
0,0,0,2006-12-21 04:00:00,4,0.0,0.0,0.0,0.0,0.0,0.48333333333333334,1.749206349206349,3.2333333333333334,0.0,0.0205026455026455,0.04483068783068784
0,0,0,2006-12-22 04:00:00,5,0.0,0.0,0.0,0.0,0.0,0.38333333333333336,1.4444444444444442,3.2333333333333334,0.0,0.019074074074074073,0.04125925925925926
0,0,0,2006-12-23 04:00:00,6,0.0,0.0,0.0,0.0,0.0,0.38333333333333336,1.4444444444444442,3.433333333333333,0.0,0.019074074074074073,0.04125925925925926
0,0,0,2006-12-24 04:00:00,7,0.0,0.0,0.0,0.0,0.0,0.38333333333333336,1.4444444444444442,3.6333333333333333,0.0,0.019074074074074073,0.04125925925925926
0,0,0,2006-12-25 04:00:00,8,0.0,0.0,0.0,0.0,0.0,0.38333333333333336,1.4444444444444442,3.8333333333333335,0.0,0.019074074074074073,0.04125925925925926
0,0,0,2006-12-26 04:00:00,9,0.0,0.0,0.0,0.0,0.0,0.38333333333333336,1.4444444444444442,4.033333333333333,0.0,0.019074074074074073,0.04125925925925926
0,0,0,2006-12-27 04:00:00,10,0.0,0.0,0.0,0.0,0.0,0.38333333333333336,1.4444444444444442,4.233333333333333,0.0,0.019074074074074073,0.04125925925925926
0,0,0,2006-12-28 04:00:00,11,0.0,0.0,0.0,0.0,0.0,0.38333333333333336,1.4444444444444442,4.433333333333334,0.0,0.019074074074074073,0.04125925925925926
0,0,0,2006-12-29 04:00:00,12,0.0,0.0,0.0,0.0,0.0,0.38333333333333336,1.4444444444444442,4.633333333333334,0.0,0.019074074074074073,0.04125925925925926
0,0,0,2006-12-30 04:00:00,13,0.0,0.0,0.0,0.0,0.0,0.38333333333333336,1.4444444444444442,4.833333333333333,0.0,0.019074074074074073,0.04125925925925926
0,0,0,2006-12-31 04:00:00,14,0.0,0.0,0.0,0.0,0.0,0.3709677419354839,1.3978494623655913,5.129032258064516,0.0,0.018458781362007168,0.03992831541218638
0,0,0,2007-01-01 04:00:00,15,0.0,0.0,0.0,0.0,0.0,0.3709677419354839,1.3978494623655913,5.354838709677419,0.0,0.018458781362007168,0.03992831541218638
0,0,0,2007-01-02 04:00:00,16,0.0,0.0,0.0,0.0,0.0,0.3709677419354839,1.3978494623655913,5.580645161290323,0.0,0.018458781362007168,0.03992831541218638
0,0,0,2007-01-03 04:00:00,17,0.0,0.0,0.0,0.0,0.0,0.3709677419354839,1.3978494623655913,5.806451612903226,0.0,0.018458781362007168,0.03992831541218638
0,0,0,2007-01-04 04:00:00,18,0.0,0.0,0.0,0.0,0.0,0.3387096774193548,0.9462365591397849,6.032258064516129,0.0,0.018458781362007168,0.03992831541218638
0,0,0,2007-01-05 04:00:00,19,0.0,0.0,0.0,0.0,0.0,0.3387096774193548,0.9462365591397849,6.645161290322581,0.0,0.018458781362007168,0.03992831541218638
0,0,0,2007-01-06 04:00:00,20,0.0,0.0,0.0,0.0,0.0,0.3387096774193548,0.9462365591397849,7.258064516129032,0.0,0.018458781362007168,0.03992831541218638
0,0,0,2007-01-07 04:00:00,21,0.0,0.0,0.0,0.0,0.0,0.3064516129032258,0.7849462365591398,7.870967741935484,0.0,0.018458781362007168,0.03992831541218638
0,0,0,2007-01-08 04:00:00,22,0.0,0.0,0.0,0.0,0.0,0.20967741935483872,0.5806451612903226,8.580645161290322,0.0,0.017025089605734768,0.03383512544802868
0,0,0,2007-01-09 04:00:00,23,0.0,0.0,0.0,0.0,0.0,0.20967741935483872,0.5806451612903226,9.32258064516129,0.0,0.017025089605734768,0.03383512544802868
0,0,0,2007-01-10 04:00:00,24,0.0,0.0,0.0,0.0,0.0,0.20967741935483872,0.5806451612903226,10.064516129032258,0.0,0.017025089605734768,0.03383512544802868
0,0,0,2007-01-11 04:00:00,25,0.0,0.0,0.0,0.0,0.0,0.20967741935483872,0.5806451612903226,10.806451612903226,0.0,0.017025089605734768,0.03383512544802868
0,0,0,2007-01-12 04:00:00,26,0.0,0.0,0.0,0.0,0.0,0.20967741935483872,0.5806451612903226,11.548387096774194,0.0,0.017025089605734768,0.03383512544802868
0,0,0,2007-01-13 04:00:00,27,0.0,0.0,0.0,0.0,0.0,0.16129032258064516,0.3225806451612903,12.290322580645162,0.0,0.0005376344086021511,0.010537634408602151
0,0,0,2007-01-14 04:00:00,28,0.0,0.0,0.0,0.0,0.0,0.16129032258064516,0.3225806451612903,13.193548387096774,0.0,0.0005376344086021511,0.010537634408602151
0,0,0,2007-01-15 04:00:00,29,0.0,0.0,0.0,0.0,0.0,0.16129032258064516,0.3225806451612903,14.096774193548388,0.0,0.0005376344086021511,0.010537634408602151
0,0,0,2007-01-16 04:00:00,30,0.0,0.0,0.0,0.0,0.0,0.0,0.0,15.0,0.0,0.0,0.0
0,0,0,2007-01-17 04:00:00,31,0.0,0.0,0.0,0.0,0.0,0.0,0.0,16.0,0.0,0.0,0.0
0,0,0,2007-01-18 04:00:00,32,0.0,0.0,0.0,0.0,0.0,0.0,0.0,17.0,0.0,0.0,0.0
0,0,0,2007-01-19 04:00:00,33,0.0,0.0,0.0,0.0,0.0,0.0,0.0,18.0,0.0,0.0,0.0
0,0,0,2007-01-20 04:00:00,34,0.0,0.0,0.0,0.0,0.0,0.0,0.0,19.0,0.0,0.0,0.0
0,0,0,2007-01-21 04:00:00,35,0.0,0.0,0.0,0.0,0.0,0.0,0.0,20.0,0.0,0.0,0.0
0,0,0,2007-01-22 04:00:00,36,0.0,1.0,0.96,1.0,5.0,0.03225806451612903,0.16129032258064516,21.0,0.0,0.03096774193548387,0.03225806451612903
0,0,0,2007-01-23 04:00:00,0,0.0,0.0,0.0,0.0,0.0,0.03225806451612903,0.16129032258064516,20.806451612903224,0.0,0.03096774193548387,0.03225806451612903
0,0,0,2007-01-24 04:00:00,1,0.0,0.0,0.0,0.0,0.0,0.03225806451612903,0.16129032258064516,20.612903225806452,0.0,0.03096774193548387,0.03225806451612903
0,0,0,2007-01-25 04:00:00,2,0.037037037037037035,4.0,0.014814814814814822,0.30432098765432103,10.25925925925926,0.16129032258064516,0.4922341696535245,20.419354838709676,0.0011947431302270011,0.03144563918757467,0.04207487056949423
0,0,0,2007-01-26 04:00:00,0,0.0,0.0,0.0,0.0,0.0,0.16129032258064516,0.4922341696535245,20.129032258064516,0.0011947431302270011,0.03144563918757467,0.04207487056949423
0,0,0,2007-01-27 04:00:00,1,0.0,0.0,0.0,0.0,0.0,0.16129032258064516,0.4922341696535245,19.838709677419356,0.0011947431302270011,0.03144563918757467,0.04207487056949423
0,0,0,2007-01-28 04:00:00,2,0.0,0.0,0.0,0.0,0.0,0.16129032258064516,0.4922341696535245,19.548387096774192,0.0011947431302270011,0.03144563918757467,0.04207487056949423
0,0,0,2007-01-29 04:00:00,3,0.0,0.0,0.0,0.0,0.0,0.16129032258064516,0.4922341696535245,19.258064516129032,0.0011947431302270011,0.03144563918757467,0.04207487056949423
0,0,0,2007-01-30 04:00:00,4,0.0,0.0,0.0,0.0,0.0,0.16129032258064516,0.4922341696535245,18.967741935483872,0.0011947431302270011,0.03144563918757467,0.04207487056949423
0,0,0,2007-01-31 04:00:00,5,0.0,1.0,0.0,0.0,1.0,0.1935483870967742,0.5244922341696535,18.677419354838708,0.0011947431302270011,0.03144563918757467,0.04207487056949423
0,0,0,2007-02-01 04:00:00,0,0.037037037037037035,9.0,-0.050925925925925916,0.1527777777777778,7.481481481481483,0.4838709677419355,0.7658303464755077,18.193548387096776,0.0023894862604540022,0.029802867383512545,0.04700318598168061
0,0,0,2007-02-02 04:00:00,0,0.0,4.0,-0.09479166666666666,0.2645833333333333,13.625,0.6129032258064516,1.2053464755077659,17.677419354838708,0.0023894862604540022,0.026745071684587812,0.05553813221823975
0,0,0,2007-02-03 04:00:00,0,0.0,3.0,0.0,0.0,5.666666666666668,0.7096774193548387,1.388142174432497,17.129032258064516,0.0023894862604540022,0.026745071684587812,0.05553813221823975
0,0,0,2007-02-04 04:00:00,0,0.0,0.0,0.0,0.0,0.0,0.7096774193548387,1.3881421744324969,16.548387096774192,0.0023894862604540022,0.026745071684587812,0.05553813221823975
0,0,0,2007-02-05 04:00:00,1,0.0,0.0,0.0,0.0,0.0,0.7096774193548387,1.388142174432497,15.96774193548387,0.0023894862604540022,0.026745071684587812,0.05553813221823974
0,0,0,2007-02-06 04:00:00,2,0.0,0.0,0.0,0.0,0.0,0.7096774193548387,1.3881421744324969,15.387096774193548,0.0023894862604540022,0.026745071684587812,0.05553813221823975
0,0,0,2007-02-07 04:00:00,3,0.0,0.0,0.0,0.0,0.0,0.7096774193548387,1.388142174432497,14.806451612903226,0.0023894862604540022,0.026745071684587812,0.05553813221823975
0,0,0,2007-02-08 04:00:00,4,0.06666666666666668,5.0,0.04222222222222224,0.3888888888888888,12.933333333333335,0.8709677419354839,1.805346475507766,14.225806451612904,0.004540023894862605,0.028107078853046592,0.06808293508562326
0,0,0,2007-02-09 04:00:00,0,0.0,0.0,0.0,0.0,0.0,0.8709677419354839,1.805346475507766,13.483870967741936,0.004540023894862605,0.028107078853046596,0.06808293508562326
0,0,0,2007-02-10 04:00:00,1,0.0,0.0,0.0,0.0,0.0,0.8709677419354839,1.805346475507766,12.741935483870968,0.004540023894862605,0.028107078853046592,0.06808293508562326
0,0,0,2007-02-11 04:00:00,2,0.0,0.0,0.0,0.0,0.0,0.8709677419354839,1.805346475507766,12.0,0.004540023894862605,0.028107078853046596,0.06808293508562326
0,0,0,2007-02-12 04:00:00,3,0.0,3.5,-0.0386904761904762,0.27083333333333337,13.142857142857142,0.9838709677419355,2.229309609148319,11.258064516129032,0.004540023894862605,0.026858998975934457,0.0768194942254082
0,0,0,2007-02-13 04:00:00,0,0.0,1.0,0.15625,0.35625,12.5,1.0161290322580645,2.632535415599932,10.387096774193548,0.004540023894862605,0.031899321556579624,0.08831142970927917
0,0,0,2007-02-14 04:00:00,0,0.0,0.0,0.0,0.0,0.0,1.0161290322580645,2.632535415599932,9.483870967741936,0.004540023894862605,0.03189932155657962,0.08831142970927917
0,0,0,2007-02-15 04:00:00,1,0.0,0.0,0.0,0.0,0.0,1.0161290322580645,2.6325354155999316,8.580645161290322,0.004540023894862605,0.031899321556579624,0.08831142970927917
0,0,0,2007-02-16 04:00:00,2,0.0,0.0,0.0,0.0,0.0,1.0161290322580645,2.632535415599932,7.67741935483871,0.004540023894862605,0.031899321556579624,0.08831142970927917
0,0,0,2007-02-17 04:00:00,3,0.0,0.0,0.0,0.0,0.0,1.0161290322580645,2.632535415599932,6.774193548387097,0.004540023894862605,0.031899321556579624,0.08831142970927917
0,0,0,2007-02-18 04:00:00,4,0.0,0.0,0.0,0.0,0.0,1.0161290322580645,2.632535415599932,5.870967741935484,0.004540023894862605,0.031899321556579624,0.08831142970927917
0,0,0,2007-02-19 04:00:00,5,0.0,0.0,0.0,0.0,0.0,1.0161290322580645,2.632535415599932,4.967741935483871,0.004540023894862605,0.031899321556579624,0.08831142970927917
0,0,0,2007-02-20 04:00:00,6,0.0,2.0,0.0,0.0,9.0,1.0806451612903225,2.9228579962450936,4.064516129032258,0.004540023894862605,0.031899321556579624,0.08831142970927917
0,0,0,2007-02-21 04:00:00,0,0.16666666666666666,7.666666666666668,-0.08715277777777779,0.3225694444444444,10.875,1.327956989247312,3.2736644478579966,2.935483870967742,0.00991636798088411,0.029087941628264207,0.09871689565909995
0,0,0,2007-02-22 04:00:00,0,0.0,3.333333333333333,0.13,0.390909090909091,10.545454545454543,1.403225806451613,3.4525500783565297,1.7741935483870968,0.00991636798088411,0.0023137480798771123,0.07906880181745773
0,0,0,2007-02-23 04:00:00,0,0.0,0.0,0.0,0.0,0.0,1.403225806451613,3.4525500783565297,1.7741935483870968,0.00991636798088411,0.0023137480798771123,0.07906880181745773
0,0,0,2007-02-24 04:00:00,1,0.0,0.0,0.0,0.0,0.0,1.403225806451613,3.4525500783565297,1.7741935483870968,0.00991636798088411,0.0023137480798771123,0.07906880181745773
0,0,0,2007-02-25 04:00:00,2,0.0,0.0,0.0,0.0,0.0,1.2741935483870968,3.121606231283651,1.7741935483870968,0.008721624850657108,0.0018358508277863121,0.06925199576409254
0,0,0,2007-02-26 04:00:00,3,0.0,3.0,0.2777777777777777,0.5222222222222223,6.0,1.3709677419354838,3.315154618380425,1.8709677419354838,0.008721624850657108,0.010796424304488817,0.08609787390029325
0,0,0,2007-02-27 04:00:00,0,0.0,0.0,0.0,0.0,0.0,1.3709677419354838,3.315154618380425,1.8387096774193548,0.008721624850657108,0.010796424304488817,0.08609787390029325
0,0,0,2007-02-28 04:00:00,1,0.0,0.0,0.0,0.0,0.0,1.3709677419354838,3.315154618380425,1.8064516129032258,0.008721624850657108,0.010796424304488817,0.08609787390029325
0,0,0,2007-03-01 04:00:00,2,0.0,0.0,0.0,0.0,0.0,1.1607142857142858,3.3674397031539884,1.6428571428571428,0.008333333333333333,0.013771967120181403,0.0898662968975469
0,0,0,2007-03-02 04:00:00,3,0.0,0.0,0.0,0.0,0.0,1.0178571428571428,2.880832560296846,1.75,0.008333333333333333,0.017157383786848068,0.08041689213564214
0,0,0,2007-03-03 04:00:00,4,0.0,0.0,0.0,0.0,0.0,0.9107142857142857,2.6784516079158935,1.8928571428571428,0.008333333333333333,0.017157383786848068,0.08041689213564214
0,0,0,2007-03-04 04:00:00,5,0.0,0.0,0.0,0.0,0.0,0.9107142857142857,2.6784516079158935,2.0714285714285716,0.008333333333333333,0.017157383786848068,0.08041689213564214
0,0,0,2007-03-05 04:00:00,6,0.0,0.0,0.0,0.0,0.0,0.9107142857142857,2.6784516079158935,2.25,0.008333333333333333,0.017157383786848068,0.08041689213564214
0,0,0,2007-03-06 04:00:00,7,0.0,0.0,0.0,0.0,0.0,0.9107142857142857,2.6784516079158935,2.4285714285714284,0.008333333333333333,0.017157383786848068,0.08041689213564214
0,0,0,2007-03-07 04:00:00,8,0.0,4.0,-0.060185185185185175,0.21296296296296302,11.777777777777779,1.0535714285714286,3.0990865285508145,2.607142857142857,0.008333333333333333,0.01500791288737717,0.08802271224146226
0,0,0,2007-03-08 04:00:00,0,0.0,0.0,0.0,0.0,0.0,0.875,2.6371817666460524,2.4642857142857144,0.005952380952380952,0.01349997637944066,0.07413382335257336
0,0,0,2007-03-09 04:00:00,1,0.0,0.0,0.0,0.0,0.0,0.875,2.637181766646052,2.5,0.005952380952380952,0.01349997637944066,0.07413382335257335
0,0,0,2007-03-10 04:00:00,2,0.0,0.0,0.0,0.0,0.0,0.875,2.637181766646052,2.5357142857142856,0.005952380952380952,0.01349997637944066,0.07413382335257335
0,0,0,2007-03-11 04:00:00,3,0.0,0.0,0.0,0.0,0.0,0.875,2.637181766646052,2.5714285714285716,0.005952380952380952,0.01349997637944066,0.07413382335257335
0,0,0,2007-03-12 04:00:00,4,0.0,0.0,0.0,0.0,0.0,0.75,2.1677940115440113,2.607142857142857,0.005952380952380952,0.014881779100529097,0.0644612043049543
0,0,0,2007-03-13 04:00:00,5,0.0,0.0,0.0,0.0,0.0,0.7142857142857143,1.72136544011544,2.7857142857142856,0.005952380952380952,0.009301421957671955,0.05173799001924002
0,0,0,2007-03-14 04:00:00,6,0.0,0.0,0.0,0.0,0.0,0.7142857142857143,1.72136544011544,3.0,0.005952380952380952,0.009301421957671955,0.05173799001924002
0,0,0,2007-03-15 04:00:00,7,0.0,0.0,0.0,0.0,0.0,0.7142857142857143,1.72136544011544,3.2142857142857144,0.005952380952380952,0.009301421957671955,0.05173799001924002
0,0,0,2007-03-16 04:00:00,8,0.0,0.0,0.0,0.0,0.0,0.7142857142857143,1.72136544011544,3.4285714285714284,0.005952380952380952,0.009301421957671955,0.05173799001924002
0,0,0,2007-03-17 04:00:00,9,0.0,0.0,0.0,0.0,0.0,0.7142857142857143,1.72136544011544,3.642857142857143,0.005952380952380952,0.009301421957671955,0.051737990019240024
0,0,0,2007-03-18 04:00:00,10,0.0,0.0,0.0,0.0,0.0,0.7142857142857143,1.72136544011544,3.857142857142857,0.005952380952380952,0.009301421957671955,0.051737990019240024
0,0,0,2007-03-19 04:00:00,11,0.0,0.0,0.0,0.0,0.0,0.7142857142857143,1.72136544011544,4.071428571428571,0.005952380952380952,0.009301421957671955,0.051737990019240024
0,0,0,2007-03-20 04:00:00,12,0.0,0.0,0.0,0.0,0.0,0.6428571428571429,1.3999368686868685,4.285714285714286,0.005952380952380952,0.009301421957671955,0.051737990019240024
0,0,0,2007-03-21 04:00:00,13,0.0,0.0,0.0,0.0,0.0,0.369047619047619,1.0115440115440115,4.75,0.0,0.01241402116402116,0.04021765271765272
0,0,0,2007-03-22 04:00:00,14,0.0,1.0,0.0,0.0,2.0,0.2857142857142857,0.7063492063492064,5.25,0.0,0.007771164021164018,0.02625661375661376
0,0,0,2007-03-23 04:00:00,0,0.0,0.0,0.0,0.0,0.0,0.2857142857142857,0.7063492063492064,5.25,0.0,0.007771164021164018,0.02625661375661376
0,0,0,2007-03-24 04:00:00,1,0.0,0.0,0.0,0.0,0.0,0.2857142857142857,0.7063492063492064,5.25,0.0,0.007771164021164018,0.02625661375661376
0,0,0,2007-03-25 04:00:00,2,0.0,0.0,0.0,0.0,0.0,0.2857142857142857,0.7063492063492064,5.25,0.0,0.007771164021164018,0.02625661375661376
0,0,0,2007-03-26 04:00:00,3,0.0,0.0,0.0,0.0,0.0,0.17857142857142858,0.4920634920634921,5.25,0.0,-0.002149470899470899,0.007605820105820108
0,0,0,2007-03-27 04:00:00,4,0.0,0.0,0.0,0.0,0.0,0.17857142857142858,0.4920634920634921,5.392857142857143,0.0,-0.002149470899470899,0.007605820105820108
0,0,0,2007-03-28 04:00:00,5,0.0,0.0,0.0,0.0,0.0,0.17857142857142858,0.4920634920634921,5.535714285714286,0.0,-0.002149470899470899,0.007605820105820108
0,0,0,2007-03-29 04:00:00,6,0.0,0.0,0.0,0.0,0.0,0.1724137931034483,0.47509578544061304,5.551724137931035,0.0,-0.0020753512132822474,0.007343550446998725
0,0,0,2007-03-30 04:00:00,7,0.0,0.0,0.0,0.0,0.0,0.16666666666666666,0.4592592592592593,5.6,0.0,-0.0020061728395061726,0.007098765432098767
0,0,0,2007-03-31 04:00:00,8,0.0,2.0,0.3758333333333333,0.475,12.0,0.22580645161290322,0.8315412186379929,5.67741935483871,0.0,0.010182198327359617,0.022192353643966548
0,0,0,2007-04-01 04:00:00,0,0.0,0.0,0.0,0.0,0.0,0.22580645161290322,0.8315412186379929,5.612903225806452,0.0,0.010182198327359617,0.022192353643966548
0,0,0,2007-04-02 04:00:00,1,0.0,0.0,0.0,0.0,0.0,0.22580645161290322,0.8315412186379929,5.548387096774194,0.0,0.010182198327359617,0.022192353643966548
0,0,0,2007-04-03 04:00:00,2,0.0,0.0,0.0,0.0,0.0,0.22580645161290322,0.8315412186379929,5.483870967741935,0.0,0.010182198327359617,0.022192353643966548
0,0,0,2007-04-04 04:00:00,3,0.0,3.25,0.025537634408602152,0.2981182795698925,8.387096774193548,0.33064516129032256,1.102092727482946,5.419354838709677,0.0,0.01100599298570162,0.03180907233976953
0,0,0,2007-04-05 04:00:00,0,0.0,0.0,0.0,0.0,0.0,0.33064516129032256,1.102092727482946,5.225806451612903,0.0,0.01100599298570162,0.03180907233976953
0,0,0,2007-04-06 04:00:00,1,0.0,1.0,0.35,0.5,4.0,0.3629032258064516,1.231124985547462,5.032258064516129,0.0,0.022296315566346783,0.04793810459783404
0,0,0,2007-04-07 04:00:00,0,0.0,0.0,0.0,0.0,0.0,0.23387096774193547,0.8511966701352758,4.774193548387097,0.0,0.024237773152965655,0.041068331599028784
0,0,0,2007-04-08 04:00:00,1,0.0,0.0,0.0,0.0,0.0,0.23387096774193547,0.8511966701352758,4.806451612903226,0.0,0.02423777315296566,0.04106833159902879
0,0,0,2007-04-09 04:00:00,2,0.0,0.0,0.0,0.0,0.0,0.23387096774193547,0.8511966701352758,4.838709677419355,0.0,0.02423777315296566,0.04106833159902879
0,0,0,2007-04-10 04:00:00,3,0.0,6.0,-0.08333333333333333,0.21666666666666665,7.666666666666668,0.4274193548387097,1.098508498092265,4.870967741935484,0.0,0.021549601109954904,0.04805757891085675
0,0,0,2007-04-11 04:00:00,0,0.0,0.0,0.0,0.0,0.0,0.4274193548387097,1.098508498092265,4.774193548387097,0.0,0.021549601109954904,0.04805757891085675
0,0,0,2007-04-12 04:00:00,1,0.0,0.0,0.0,0.0,0.0,0.4274193548387097,1.098508498092265,4.67741935483871,0.0,0.02154960110995491,0.04805757891085675
0,0,0,2007-04-13 04:00:00,2,0.0,0.0,0.0,0.0,0.0,0.4274193548387097,1.098508498092265,4.580645161290323,0.0,0.02154960110995491,0.04805757891085675
0,0,0,2007-04-14 04:00:00,3,0.0,0.0,0.0,0.0,0.0,0.4274193548387097,1.098508498092265,4.483870967741935,0.0,0.021549601109954904,0.04805757891085675
0,0,0,2007-04-15 04:00:00,4,0.0,0.0,0.0,0.0,0.0,0.4274193548387097,1.098508498092265,4.387096774193548,0.0,0.021549601109954904,0.04805757891085675
0,0,0,2007-04-16 04:00:00,5,0.0,1.0,0.0,0.0,8.0,0.4596774193548387,1.3565730142212973,4.290322580645161,0.0,0.02154960110995491,0.04805757891085675
0,0,0,2007-04-17 04:00:00,0,0.0,10.0,0.02125,0.29,13.0,0.782258064516129,1.7759278529309748,4.0,0.0,0.02223508498092265,0.057412417620534166
0,0,0,2007-04-18 04:00:00,0,0.0,3.0,-0.016666666666666666,0.13333333333333333,6.0,0.8790322580645161,1.9694762400277492,3.6774193548387095,0.0,0.0216974505723205,0.061713492889351365
0,0,0,2007-04-19 04:00:00,0,0.0,0.0,0.0,0.0,0.0,0.8790322580645161,1.9694762400277492,3.3225806451612905,0.0,0.0216974505723205,0.061713492889351365
0,0,0,2007-04-20 04:00:00,1,0.0,0.0,0.0,0.0,0.0,0.8790322580645161,1.9694762400277488,2.967741935483871,0.0,0.0216974505723205,0.06171349288935137
0,0,0,2007-04-21 04:00:00,2,0.0,0.0,0.0,0.0,0.0,0.8790322580645161,1.9694762400277488,2.6129032258064515,0.0,0.0216974505723205,0.06171349288935137
0,0,0,2007-04-22 04:00:00,3,0.0,0.0,0.0,0.0,0.0,0.8467741935483871,1.904960110995491,2.2580645161290325,0.0,0.0216974505723205,0.061713492889351365
0,0,0,2007-04-23 04:00:00,4,0.0,0.0,0.0,0.0,0.0,0.8467741935483871,1.904960110995491,2.3870967741935485,0.0,0.0216974505723205,0.061713492889351365
0,0,0,2007-04-24 04:00:00,5,0.0,0.0,0.0,0.0,0.0,0.8467741935483871,1.9049601109954908,2.5161290322580645,0.0,0.0216974505723205,0.06171349288935137
0,0,0,2007-04-25 04:00:00,6,0.0,0.0,0.0,0.0,0.0,0.8467741935483871,1.9049601109954908,2.6451612903225805,0.0,0.0216974505723205,0.06171349288935137
0,0,0,2007-04-26 04:00:00,7,0.0,0.0,0.0,0.0,0.0,0.8467741935483871,1.904960110995491,2.774193548387097,0.0,0.0216974505723205,0.06171349288935137
0,0,0,2007-04-27 04:00:00,8,0.0,0.0,0.0,0.0,0.0,0.8467741935483871,1.904960110995491,2.903225806451613,0.0,0.0216974505723205,0.06171349288935137
0,0,0,2007-04-28 04:00:00,9,0.0,0.0,0.0,0.0,0.0,0.8467741935483871,1.904960110995491,3.032258064516129,0.0,0.0216974505723205,0.06171349288935137
0,0,0,2007-04-29 04:00:00,10,0.0,0.0,0.0,0.0,0.0,0.8467741935483871,1.904960110995491,3.161290322580645,0.0,0.0216974505723205,0.06171349288935137
0,0,0,2007-04-30 04:00:00,11,0.0,0.0,0.0,0.0,0.0,0.8467741935483871,1.904960110995491,3.2903225806451615,0.0,0.0216974505723205,0.06171349288935137
0,0,0,2007-05-01 04:00:00,12,0.0,0.0,0.0,0.0,0.0,0.8083333333333333,1.5684587813620074,3.533333333333333,0.0,0.009892921146953403,0.04793727598566308
0,0,0,2007-05-02 04:00:00,13,0.0,1.0,-0.16666666666666666,0.5,17.0,0.8416666666666667,2.135125448028674,3.933333333333333,0.0,0.004337365591397849,0.06460394265232974
0,0,0,2007-05-03 04:00:00,0,0.0,13.0,-0.13378205128205126,0.4935897435897436,12.461538461538463,1.275,2.55051006341329,3.8666666666666667,0.0,-0.00012203611800385901,0.08105693410532121
0,0,0,2007-05-04 04:00:00,0,0.0,0.0,0.0,0.0,0.0,1.1666666666666667,2.2709401709401713,3.7666666666666666,0.0,-0.0009732905982905974,0.0711196581196581
0,0,0,2007-05-05 04:00:00,1,0.0,0.0,0.0,0.0,0.0,1.1666666666666667,2.2709401709401713,3.8,0.0,-0.0009732905982905974,0.0711196581196581
0,0,0,2007-05-06 04:00:00,2,0.0,2.0,0.0,0.0,12.5,1.2,2.5542735042735045,3.8333333333333335,0.0,-0.012639957264957263,0.05445299145299145
0,0,0,2007-05-07 04:00:00,0,0.0,0.0,0.0,0.0,0.0,1.2,2.5542735042735045,3.8333333333333335,0.0,-0.012639957264957263,0.05445299145299145
0,0,0,2007-05-08 04:00:00,1,0.0,0.0,0.0,0.0,0.0,1.2,2.5542735042735045,3.8333333333333335,0.0,-0.012639957264957263,0.05445299145299145
0,0,0,2007-05-09 04:00:00,2,0.0,0.0,0.0,0.0,0.0,1.2,2.5542735042735045,3.8333333333333335,0.0,-0.012639957264957263,0.05445299145299145
0,0,0,2007-05-10 04:00:00,3,0.0,0.0,0.0,0.0,0.0,1.0,2.298717948717949,3.8333333333333335,0.0,-0.009862179487179486,0.04723076923076923
0,0,0,2007-05-11 04:00:00,4,0.0,0.0,0.0,0.0,0.0,1.0,2.298717948717949,3.966666666666667,0.0,-0.009862179487179486,0.04723076923076923
0,0,0,2007-05-12 04:00:00,5,0.0,0.0,0.0,0.0,0.0,1.0,2.298717948717949,4.1,0.0,-0.009862179487179486,0.04723076923076923
0,0,0,2007-05-13 04:00:00,6,0.0,1.0,-0.6499999999999999,0.9,19.0,1.0333333333333334,2.9320512820512823,4.233333333333333,0.0,-0.03152884615384615,0.07723076923076923
0,0,0,2007-05-14 04:00:00,0,0.0,0.0,0.0,0.0,0.0,1.0333333333333334,2.9320512820512823,4.133333333333334,0.0,-0.03152884615384615,0.07723076923076923
0,0,0,2007-05-15 04:00:00,1,0.0,0.0,0.0,0.0,0.0,1.0333333333333334,2.9320512820512823,4.033333333333333,0.0,-0.03152884615384615,0.07723076923076923
0,0,0,2007-05-16 04:00:00,2,0.0,0.0,0.0,0.0,0.0,1.0,2.6653846153846157,3.933333333333333,0.0,-0.03152884615384615,0.07723076923076923
0,0,0,2007-05-17 04:00:00,3,0.0,0.0,0.0,0.0,0.0,0.6666666666666666,2.232051282051282,4.033333333333333,0.0,-0.03223717948717948,0.06756410256410256
0,0,0,2007-05-18 04:00:00,4,0.0,0.0,0.0,0.0,0.0,0.5666666666666667,2.0320512820512824,4.166666666666667,0.0,-0.03168162393162392,0.06311965811965811
0,0,0,2007-05-19 04:00:00,5,0.0,0.0,0.0,0.0,0.0,0.5666666666666667,2.0320512820512824,4.333333333333333,0.0,-0.03168162393162392,0.06311965811965811
0,0,0,2007-05-20 04:00:00,6,0.0,0.0,0.0,0.0,0.0,0.5666666666666667,2.0320512820512824,4.5,0.0,-0.03168162393162392,0.06311965811965811
0,0,0,2007-05-21 04:00:00,7,0.0,0.0,0.0,0.0,0.0,0.5666666666666667,2.0320512820512824,4.666666666666667,0.0,-0.03168162393162392,0.06311965811965811
0,0,0,2007-05-22 04:00:00,8,0.0,0.0,0.0,0.0,0.0,0.5666666666666667,2.0320512820512824,4.833333333333333,0.0,-0.03168162393162392,0.06311965811965811
0,0,0,2007-05-23 04:00:00,9,0.0,0.0,0.0,0.0,0.0,0.5666666666666667,2.0320512820512824,5.0,0.0,-0.03168162393162392,0.06311965811965811
0,0,0,2007-05-24 04:00:00,10,0.0,0.0,0.0,0.0,0.0,0.5666666666666667,2.0320512820512824,5.166666666666667,0.0,-0.03168162393162392,0.06311965811965811
0,0,0,2007-05-25 04:00:00,11,0.0,0.0,0.0,0.0,0.0,0.5666666666666667,2.0320512820512824,5.333333333333333,0.0,-0.03168162393162392,0.06311965811965811
0,0,0,2007-05-26 04:00:00,12,0.0,7.0,0.15714285714285714,0.2642857142857143,5.857142857142858,0.8,2.227289377289378,5.5,0.0,-0.026443528693528687,0.07192918192918192
0,0,0,2007-05-27 04:00:00,0,0.0,1.0,1.0,1.0,8.0,0.8333333333333334,2.4939560439560444,5.233333333333333,0.0,0.006889804639804641,0.10526251526251526
0,0,0,2007-05-28 04:00:00,0,0.0,0.0,0.0,0.0,0.0,0.8333333333333334,2.4939560439560444,4.933333333333334,0.0,0.006889804639804641,0.10526251526251526
0,0,0,2007-05-29 04:00:00,1,0.0,0.0,0.0,0.0,0.0,0.8333333333333334,2.4939560439560444,4.633333333333334,0.0,0.006889804639804641,0.10526251526251526
0,0,0,2007-05-30 04:00:00,2,0.0,0.0,0.0,0.0,0.0,0.8333333333333334,2.4939560439560444,4.333333333333333,0.0,0.006889804639804644,0.10526251526251526
0,0,0,2007-05-31 04:00:00,3,0.0,0.0,0.0,0.0,0.0,0.8064516129032258,2.41350584898972,4.290322580645161,0.0,0.006667552877230298,0.10186695025404703
0,0,0,2007-06-01 04:00:00,4,0.0,0.0,0.0,0.0,0.0,0.8064516129032258,2.41350584898972,4.032258064516129,0.0,0.006667552877230298,0.10186695025404703
0,0,0,2007-06-02 04:00:00,5,0.0,0.0,0.0,0.0,0.0,0.7741935483870968,1.8651187522155268,3.774193548387097,0.0,0.012043896963251803,0.0857379179959825
0,0,0,2007-06-03 04:00:00,6,0.0,0.0,0.0,0.0,0.0,0.3548387096774194,1.4631336405529956,3.967741935483871,0.0,0.0163594470046083,0.06981566820276497
0,0,0,2007-06-04 04:00:00,7,0.0,1.0,0.8,0.9,13.0,0.3870967741935484,1.882488479262673,4.193548387096774,0.0,0.04216589861751153,0.0988479262672811
0,0,0,2007-06-05 04:00:00,0,0.0,3.0,-0.21666666666666665,0.3333333333333333,12.0,0.4838709677419355,2.2695852534562215,4.161290322580645,0.0,0.035176651305683565,0.10960061443932412
0,0,0,2007-06-06 04:00:00,0,0.0,0.0,0.0,0.0,0.0,0.41935483870967744,1.8663594470046083,4.096774193548387,0.0,0.03517665130568357,0.10960061443932412
0,0,0,2007-06-07 04:00:00,1,0.0,0.0,0.0,0.0,0.0,0.41935483870967744,1.8663594470046083,4.129032258064516,0.0,0.035176651305683565,0.10960061443932412
0,0,0,2007-06-08 04:00:00,2,0.0,0.0,0.0,0.0,0.0,0.41935483870967744,1.8663594470046083,4.161290322580645,0.0,0.03517665130568357,0.10960061443932412
0,0,0,2007-06-09 04:00:00,3,0.0,0.0,0.0,0.0,0.0,0.41935483870967744,1.8663594470046083,4.193548387096774,0.0,0.035176651305683565,0.10960061443932412
0,0,0,2007-06-10 04:00:00,4,0.0,1.0,0.0,0.0,2.0,0.45161290322580644,1.9308755760368665,4.225806451612903,0.0,0.03517665130568357,0.10960061443932412
0,0,0,2007-06-11 04:00:00,0,0.0,0.0,0.0,0.0,0.0,0.45161290322580644,1.9308755760368665,4.096774193548387,0.0,0.035176651305683565,0.10960061443932412
0,0,0,2007-06-12 04:00:00,1,0.0,0.0,0.0,0.0,0.0,0.45161290322580644,1.9308755760368665,3.967741935483871,0.0,0.03517665130568357,0.10960061443932412
0,0,0,2007-06-13 04:00:00,2,0.0,0.0,0.0,0.0,0.0,0.41935483870967744,1.3179723502304148,3.838709677419355,0.0,0.056144393241167434,0.08056835637480798
0,0,0,2007-06-14 04:00:00,3,0.0,0.0,0.0,0.0,0.0,0.41935483870967744,1.3179723502304148,3.935483870967742,0.0,0.05614439324116744,0.08056835637480798
0,0,0,2007-06-15 04:00:00,4,0.0,0.0,0.0,0.0,0.0,0.41935483870967744,1.3179723502304148,4.032258064516129,0.0,0.056144393241167434,0.08056835637480798
0,0,0,2007-06-16 04:00:00,5,0.0,0.0,0.0,0.0,0.0,0.41935483870967744,1.3179723502304148,4.129032258064516,0.0,0.05614439324116744,0.08056835637480798
0,0,0,2007-06-17 04:00:00,6,0.0,0.0,0.0,0.0,0.0,0.41935483870967744,1.3179723502304148,4.225806451612903,0.0,0.056144393241167434,0.08056835637480798
0,0,0,2007-06-18 04:00:00,7,0.0,0.0,0.0,0.0,0.0,0.41935483870967744,1.3179723502304148,4.32258064516129,0.0,0.05614439324116744,0.08056835637480798
0,0,0,2007-06-19 04:00:00,8,0.0,0.0,0.0,0.0,0.0,0.41935483870967744,1.3179723502304148,4.419354838709677,0.0,0.056144393241167434,0.08056835637480798
0,0,0,2007-06-20 04:00:00,9,0.0,0.0,0.0,0.0,0.0,0.41935483870967744,1.3179723502304148,4.516129032258065,0.0,0.056144393241167434,0.08056835637480798
0,0,0,2007-06-21 04:00:00,10,0.0,0.0,0.0,0.0,0.0,0.41935483870967744,1.3179723502304148,4.612903225806452,0.0,0.056144393241167434,0.08056835637480798
0,0,0,2007-06-22 04:00:00,11,0.0,0.0,0.0,0.0,0.0,0.41935483870967744,1.3179723502304148,4.709677419354839,0.0,0.056144393241167434,0.08056835637480798
0,0,0,2007-06-23 04:00:00,12,0.0,0.0,0.0,0.0,0.0,0.41935483870967744,1.3179723502304148,4.806451612903226,0.0,0.056144393241167434,0.08056835637480798
0,0,0,2007-06-24 04:00:00,13,0.0,0.0,0.0,0.0,0.0,0.41935483870967744,1.3179723502304148,4.903225806451613,0.0,0.056144393241167434,0.08056835637480798
0,0,0,2007-06-25 04:00:00,14,0.0,0.0,0.0,0.0,0.0,0.41935483870967744,1.3179723502304148,5.0,0.0,0.056144393241167434,0.08056835637480798
0,0,0,2007-06-26 04:00:00,15,0.0,0.0,0.0,0.0,0.0,0.1935483870967742,1.1290322580645162,5.096774193548387,0.0,0.051075268817204304,0.07204301075268818
0,0,0,2007-06-27 04:00:00,16,0.0,0.0,0.0,0.0,0.0,0.16129032258064516,0.8709677419354839,5.612903225806452,0.0,0.01881720430107527,0.03978494623655914
0,0,0,2007-06-28 04:00:00,17,0.0,0.0,0.0,0.0,0.0,0.16129032258064516,0.8709677419354839,6.161290322580645,0.0,0.01881720430107527,0.03978494623655914
0,0,0,2007-06-29 04:00:00,18,0.0,14.0,-0.08690476190476193,0.2761904761904761,10.571428571428571,0.6129032258064516,1.2119815668202765,6.709677419354839,0.0,0.016013824884792627,0.04869431643625192
0,0,0,2007-06-30 04:00:00,0,0.0,5.0,-0.21,0.4,15.0,0.7741935483870968,1.695852534562212,6.645161290322581,0.0,0.009239631336405532,0.06159754224270353
0,0,0,2007-07-01 04:00:00,0,0.0,0.0,0.0,0.0,0.0,0.8,1.7523809523809524,6.633333333333334,0.0,0.00954761904761905,0.06365079365079365
0,0,0,2007-07-02 04:00:00,1,0.0,0.0,0.0,0.0,0.0,0.8,1.7523809523809524,6.5,0.0,0.00954761904761905,0.06365079365079365
0,0,0,2007-07-03 04:00:00,2,0.0,0.0,0.0,0.0,0.0,0.8,1.7523809523809524,6.366666666666666,0.0,0.00954761904761905,0.06365079365079365
0,0,0,2007-07-04 04:00:00,3,0.0,0.0,0.0,0.0,0.0,0.7666666666666667,1.319047619047619,6.233333333333333,0.0,-0.01711904761904762,0.033650793650793646
0,0,0,2007-07-05 04:00:00,4,0.0,0.0,0.0,0.0,0.0,0.6666666666666666,0.919047619047619,6.366666666666666,0.0,-0.009896825396825397,0.022539682539682537
0,0,0,2007-07-06 04:00:00,5,0.0,0.0,0.0,0.0,0.0,0.6666666666666666,0.919047619047619,6.533333333333333,0.0,-0.009896825396825397,0.022539682539682537
0,0,0,2007-07-07 04:00:00,6,0.0,0.0,0.0,0.0,0.0,0.6666666666666666,0.919047619047619,6.7,0.0,-0.009896825396825397,0.022539682539682537
0,0,0,2007-07-08 04:00:00,7,0.0,0.0,0.0,0.0,0.0,0.6666666666666666,0.919047619047619,6.866666666666666,0.0,-0.009896825396825397,0.022539682539682537
0,0,0,2007-07-09 04:00:00,8,0.0,0.0,0.0,0.0,0.0,0.6666666666666666,0.919047619047619,7.033333333333333,0.0,-0.009896825396825397,0.022539682539682537
0,0,0,2007-07-10 04:00:00,9,0.0,0.0,0.0,0.0,0.0,0.6333333333333333,0.8523809523809524,7.2,0.0,-0.009896825396825397,0.022539682539682537
0,0,0,2007-07-11 04:00:00,10,0.0,0.0,0.0,0.0,0.0,0.6333333333333333,0.8523809523809524,7.533333333333333,0.0,-0.009896825396825397,0.022539682539682537
0,0,0,2007-07-12 04:00:00,11,0.0,1.0,0.15000000000000002,0.45,9.0,0.6666666666666666,1.1523809523809523,7.866666666666666,0.0,-0.004896825396825396,0.03753968253968254
0,0,0,2007-07-13 04:00:00,0,0.0,0.0,0.0,0.0,0.0,0.6666666666666666,1.1523809523809523,7.8,0.0,-0.004896825396825396,0.03753968253968254
0,0,0,2007-07-14 04:00:00,1,0.0,0.0,0.0,0.0,0.0,0.6666666666666666,1.1523809523809523,7.733333333333333,0.0,-0.004896825396825396,0.03753968253968254
0,0,0,2007-07-15 04:00:00,2,0.0,0.0,0.0,0.0,0.0,0.6666666666666666,1.1523809523809523,7.666666666666667,0.0,-0.004896825396825397,0.03753968253968254
0,0,0,2007-07-16 04:00:00,3,0.0,0.0,0.0,0.0,0.0,0.6666666666666666,1.1523809523809523,7.6,0.0,-0.004896825396825396,0.03753968253968254
0,0,0,2007-07-17 04:00:00,4,0.0,0.0,0.0,0.0,0.0,0.6666666666666666,1.1523809523809523,7.533333333333333,0.0,-0.004896825396825396,0.03753968253968254
0,0,0,2007-07-18 04:00:00,5,0.0,0.0,0.0,0.0,0.0,0.6666666666666666,1.1523809523809523,7.466666666666667,0.0,-0.004896825396825396,0.03753968253968254
0,0,0,2007-07-19 04:00:00,6,0.0,0.0,0.0,0.0,0.0,0.6666666666666666,1.1523809523809523,7.4,0.0,-0.004896825396825397,0.03753968253968254
0,0,0,2007-07-20 04:00:00,7,0.0,0.0,0.0,0.0,0.0,0.6666666666666666,1.1523809523809523,7.333333333333333,0.0,-0.004896825396825396,0.03753968253968254
0,0,0,2007-07-21 04:00:00,8,0.0,0.0,0.0,0.0,0.0,0.6666666666666666,1.1523809523809523,7.266666666666667,0.0,-0.004896825396825396,0.03753968253968254
0,0,0,2007-07-22 04:00:00,9,0.0,0.0,0.0,0.0,0.0,0.6666666666666666,1.1523809523809523,7.2,0.0,-0.004896825396825396,0.03753968253968254
0,0,0,2007-07-23 04:00:00,10,0.0,0.0,0.0,0.0,0.0,0.6666666666666666,1.1523809523809523,7.133333333333334,0.0,-0.004896825396825397,0.03753968253968254
0,0,0,2007-07-24 04:00:00,11,0.0,0.0,0.0,0.0,0.0,0.6666666666666666,1.1523809523809523,7.066666666666666,0.0,-0.004896825396825397,0.03753968253968254
0,0,0,2007-07-25 04:00:00,12,0.0,0.0,0.0,0.0,0.0,0.6666666666666666,1.1523809523809523,7.0,0.0,-0.004896825396825397,0.03753968253968254
0,0,0,2007-07-26 04:00:00,13,0.0,0.0,0.0,0.0,0.0,0.6666666666666666,1.1523809523809523,6.933333333333334,0.0,-0.004896825396825397,0.03753968253968254
0,0,0,2007-07-27 04:00:00,14,0.0,0.0,0.0,0.0,0.0,0.6666666666666666,1.1523809523809523,6.866666666666666,0.0,-0.004896825396825397,0.03753968253968254
0,0,0,2007-07-28 04:00:00,15,0.0,0.0,0.0,0.0,0.0,0.6666666666666666,1.1523809523809523,6.8,0.0,-0.004896825396825397,0.03753968253968254
0,0,0,2007-07-29 04:00:00,16,0.0,0.0,0.0,0.0,0.0,0.2,0.8,6.733333333333333,0.0,-0.001999999999999999,0.028333333333333335
0,0,0,2007-07-30 04:00:00,17,0.0,0.0,0.0,0.0,0.0,0.03333333333333333,0.3,7.3,0.0,0.005000000000000001,0.015000000000000001
0,0,0,2007-07-31 04:00:00,18,0.0,0.0,0.0,0.0,0.0,0.03225806451612903,0.2903225806451613,7.645161290322581,0.0,0.004838709677419356,0.014516129032258065
0,0,0,2007-08-01 04:00:00,19,0.0,0.0,0.0,0.0,0.0,0.03225806451612903,0.2903225806451613,8.258064516129032,0.0,0.004838709677419356,0.014516129032258065
0,0,0,2007-08-02 04:00:00,20,0.0,0.0,0.0,0.0,0.0,0.03225806451612903,0.2903225806451613,8.870967741935484,0.0,0.004838709677419356,0.014516129032258065
0,0,0,2007-08-03 04:00:00,21,0.0,0.0,0.0,0.0,0.0,0.03225806451612903,0.2903225806451613,9.483870967741936,0.0,0.004838709677419356,0.014516129032258065
0,0,0,2007-08-04 04:00:00,22,0.0,0.0,0.0,0.0,0.0,0.03225806451612903,0.2903225806451613,10.096774193548388,0.0,0.004838709677419356,0.014516129032258065
0,0,0,2007-08-05 04:00:00,23,0.0,0.0,0.0,0.0,0.0,0.03225806451612903,0.2903225806451613,10.709677419354838,0.0,0.004838709677419356,0.014516129032258065
0,0,0,2007-08-06 04:00:00,24,0.0,0.0,0.0,0.0,0.0,0.03225806451612903,0.2903225806451613,11.32258064516129,0.0,0.004838709677419356,0.014516129032258065
0,0,0,2007-08-07 04:00:00,25,0.0,0.0,0.0,0.0,0.0,0.03225806451612903,0.2903225806451613,11.935483870967742,0.0,0.004838709677419356,0.014516129032258065
0,0,0,2007-08-08 04:00:00,26,0.0,0.0,0.0,0.0,0.0,0.03225806451612903,0.2903225806451613,12.548387096774194,0.0,0.004838709677419356,0.014516129032258065
0,0,0,2007-08-09 04:00:00,27,0.0,0.0,0.0,0.0,0.0,0.03225806451612903,0.2903225806451613,13.161290322580646,0.0,0.004838709677419356,0.014516129032258065
0,0,0,2007-08-10 04:00:00,28,0.0,0.0,0.0,0.0,0.0,0.03225806451612903,0.2903225806451613,13.774193548387096,0.0,0.004838709677419356,0.014516129032258065
0,0,0,2007-08-11 04:00:00,29,0.0,3.0,0.18333333333333332,0.3,5.666666666666668,0.12903225806451613,0.4731182795698925,14.387096774193548,0.0,0.010752688172043012,0.024193548387096774
0,0,0,2007-08-12 04:00:00,0,0.0,0.0,0.0,0.0,0.0,0.0967741935483871,0.18279569892473121,14.03225806451613,0.0,0.005913978494623656,0.00967741935483871
0,0,0,2007-08-13 04:00:00,1,0.0,0.0,0.0,0.0,0.0,0.0967741935483871,0.18279569892473121,14.064516129032258,0.0,0.005913978494623656,0.00967741935483871
0,0,0,2007-08-14 04:00:00,2,0.0,0.0,0.0,0.0,0.0,0.0967741935483871,0.18279569892473121,14.096774193548388,0.0,0.005913978494623656,0.00967741935483871
0,0,0,2007-08-15 04:00:00,3,0.0,0.0,0.0,0.0,0.0,0.0967741935483871,0.18279569892473121,14.129032258064516,0.0,0.005913978494623656,0.00967741935483871
0,0,0,2007-08-16 04:00:00,4,0.0,0.0,0.0,0.0,0.0,0.0967741935483871,0.18279569892473121,14.161290322580646,0.0,0.005913978494623656,0.00967741935483871
0,0,0,2007-08-17 04:00:00,5,0.0,0.0,0.0,0.0,0.0,0.0967741935483871,0.18279569892473121,14.193548387096774,0.0,0.005913978494623656,0.00967741935483871
0,0,0,2007-08-18 04:00:00,6,0.0,0.0,0.0,0.0,0.0,0.0967741935483871,0.18279569892473121,14.225806451612904,0.0,0.005913978494623656,0.00967741935483871
0,0,0,2007-08-19 04:00:00,7,0.0,0.0,0.0,0.0,0.0,0.0967741935483871,0.18279569892473121,14.258064516129032,0.0,0.005913978494623656,0.00967741935483871
0,0,0,2007-08-20 04:00:00,8,0.0,0.0,0.0,0.0,0.0,0.0967741935483871,0.18279569892473121,14.290322580645162,0.0,0.005913978494623656,0.00967741935483871
0,0,0,2007-08-21 04:00:00,9,0.0,6.0,-0.23055555555555554,0.5522222222222223,16.0,0.2903225806451613,0.6989247311827957,14.32258064516129,0.0,-0.0015232974910394264,0.027491039426523298
0,0,0,2007-08-22 04:00:00,0,0.0,2.0,0.31,0.5,6.0,0.3548387096774194,0.8924731182795699,14.03225806451613,0.0,0.008476702508960574,0.04362007168458782
0,0,0,2007-08-23 04:00:00,0,0.0,0.0,0.0,0.0,0.0,0.3548387096774194,0.8924731182795699,13.709677419354838,0.0,0.008476702508960574,0.04362007168458782
0,0,0,2007-08-24 04:00:00,1,0.0,0.0,0.0,0.0,0.0,0.3548387096774194,0.8924731182795699,13.387096774193548,0.0,0.008476702508960574,0.04362007168458782
0,0,0,2007-08-25 04:00:00,2,0.0,0.0,0.0,0.0,0.0,0.3548387096774194,0.8924731182795699,13.064516129032258,0.0,0.008476702508960574,0.04362007168458781
0,0,0,2007-08-26 04:00:00,3,0.0,0.0,0.0,0.0,0.0,0.3548387096774194,0.8924731182795699,12.741935483870968,0.0,0.008476702508960574,0.04362007168458782
0,0,0,2007-08-27 04:00:00,4,0.0,0.0,0.0,0.0,0.0,0.3548387096774194,0.8924731182795699,12.419354838709678,0.0,0.008476702508960574,0.04362007168458782
0,0,0,2007-08-28 04:00:00,5,0.0,0.0,0.0,0.0,0.0,0.3548387096774194,0.8924731182795699,12.096774193548388,0.0,0.008476702508960574,0.04362007168458782
0,0,0,2007-08-29 04:00:00,6,0.0,0.0,0.0,0.0,0.0,0.3548387096774194,0.8924731182795699,11.774193548387096,0.0,0.008476702508960574,0.04362007168458781
0,0,0,2007-08-30 04:00:00,7,0.0,0.0,0.0,0.0,0.0,0.3548387096774194,0.8924731182795699,11.451612903225806,0.0,0.008476702508960574,0.04362007168458782
0,0,0,2007-08-31 04:00:00,8,0.0,0.0,0.0,0.0,0.0,0.3548387096774194,0.8924731182795699,11.129032258064516,0.0,0.008476702508960574,0.04362007168458782
0,0,0,2007-09-01 04:00:00,9,0.0,0.0,0.0,0.0,0.0,0.3548387096774194,0.8924731182795699,10.806451612903226,0.0,0.008476702508960574,0.04362007168458782
0,0,0,2007-09-02 04:00:00,10,0.0,0.0,0.0,0.0,0.0,0.3548387096774194,0.8924731182795699,10.483870967741936,0.0,0.008476702508960574,0.04362007168458781
0,0,0,2007-09-03 04:00:00,11,0.0,1.0,0.0,0.0,4.0,0.3870967741935484,1.021505376344086,10.161290322580646,0.0,0.008476702508960574,0.04362007168458782
0,0,0,2007-09-04 04:00:00,0,0.0,0.0,0.0,0.0,0.0,0.3870967741935484,1.021505376344086,9.451612903225806,0.0,0.008476702508960574,0.04362007168458782
0,0,0,2007-09-05 04:00:00,1,0.0,0.0,0.0,0.0,0.0,0.3870967741935484,1.021505376344086,8.741935483870968,0.0,0.008476702508960574,0.04362007168458782
0,0,0,2007-09-06 04:00:00,2,0.0,0.0,0.0,0.0,0.0,0.3870967741935484,1.021505376344086,8.03225806451613,0.0,0.008476702508960574,0.04362007168458782
0,0,0,2007-09-07 04:00:00,3,0.0,0.0,0.0,0.0,0.0,0.3870967741935484,1.021505376344086,7.32258064516129,0.0,0.008476702508960574,0.04362007168458782
0,0,0,2007-09-08 04:00:00,4,0.0,0.0,0.0,0.0,0.0,0.3870967741935484,1.021505376344086,6.612903225806452,0.0,0.008476702508960574,0.04362007168458782
0,0,0,2007-09-09 04:00:00,5,0.0,0.0,0.0,0.0,0.0,0.3870967741935484,1.021505376344086,5.903225806451613,0.0,0.008476702508960574,0.04362007168458782
0,0,0,2007-09-10 04:00:00,6,0.0,0.0,0.0,0.0,0.0,0.3870967741935484,1.021505376344086,5.193548387096774,0.0,0.008476702508960574,0.04362007168458782
0,0,0,2007-09-11 04:00:00,7,0.0,0.0,0.0,0.0,0.0,0.2903225806451613,0.8387096774193549,4.483870967741935,0.0,0.002562724014336918,0.03394265232974911
0,0,0,2007-09-12 04:00:00,8,0.0,0.0,0.0,0.0,0.0,0.2903225806451613,0.8387096774193549,4.741935483870968,0.0,0.002562724014336918,0.03394265232974911
0,0,0,2007-09-13 04:00:00,9,0.0,0.0,0.0,0.0,0.0,0.2903225806451613,0.8387096774193549,5.0,0.0,0.002562724014336918,0.03394265232974911
0,0,0,2007-09-14 04:00:00,10,0.0,0.0,0.0,0.0,0.0,0.2903225806451613,0.8387096774193549,5.258064516129032,0.0,0.002562724014336918,0.03394265232974911
0,0,0,2007-09-15 04:00:00,11,0.0,0.0,0.0,0.0,0.0,0.2903225806451613,0.8387096774193549,5.516129032258065,0.0,0.002562724014336918,0.03394265232974911
0,0,0,2007-09-16 04:00:00,12,0.0,0.0,0.0,0.0,0.0,0.2903225806451613,0.8387096774193549,5.774193548387097,0.0,0.002562724014336918,0.03394265232974911
0,0,0,2007-09-17 04:00:00,13,0.0,0.0,0.0,0.0,0.0,0.2903225806451613,0.8387096774193549,6.032258064516129,0.0,0.002562724014336918,0.03394265232974911
0,0,0,2007-09-18 04:00:00,14,0.0,0.0,0.0,0.0,0.0,0.2903225806451613,0.8387096774193549,6.290322580645161,0.0,0.002562724014336918,0.03394265232974911
0,0,0,2007-09-19 04:00:00,15,0.0,0.0,0.0,0.0,0.0,0.2903225806451613,0.8387096774193549,6.548387096774194,0.0,0.002562724014336918,0.03394265232974911
0,0,0,2007-09-20 04:00:00,16,0.0,1.0,0.0,0.0,3.5,0.3225806451612903,0.9516129032258065,6.806451612903226,0.0,0.002562724014336918,0.03394265232974911
0,0,0,2007-09-21 04:00:00,0,0.0,0.0,0.0,0.0,0.0,0.12903225806451613,0.43548387096774194,6.516129032258065,0.0,0.01,0.016129032258064516
0,0,0,2007-09-22 04:00:00,1,0.0,0.0,0.0,0.0,0.0,0.06451612903225806,0.24193548387096775,6.548387096774194,0.0,0.0,0.0
0,0,0,2007-09-23 04:00:00,2,0.0,0.0,0.0,0.0,0.0,0.06451612903225806,0.24193548387096775,6.612903225806452,0.0,0.0,0.0
0,0,0,2007-09-24 04:00:00,3,0.0,3.5,0.04523809523809525,0.5132142857142857,16.285714285714285,0.1774193548387097,0.7672811059907834,6.67741935483871,0.0,0.0014592933947772662,0.016555299539170506
0,0,0,2007-09-25 04:00:00,0,0.0,0.0,0.0,0.0,0.0,0.1774193548387097,0.7672811059907834,6.612903225806452,0.0,0.0014592933947772662,0.016555299539170506
0,0,0,2007-09-26 04:00:00,1,0.0,0.0,0.0,0.0,0.0,0.1774193548387097,0.7672811059907834,6.548387096774194,0.0,0.0014592933947772662,0.016555299539170506
0,0,0,2007-09-27 04:00:00,2,0.0,0.0,0.0,0.0,0.0,0.1774193548387097,0.7672811059907834,6.483870967741935,0.0,0.0014592933947772662,0.016555299539170506
0,0,0,2007-09-28 04:00:00,3,0.0,0.0,0.0,0.0,0.0,0.1774193548387097,0.7672811059907834,6.419354838709677,0.0,0.0014592933947772662,0.016555299539170506
0,0,0,2007-09-29 04:00:00,4,0.0,0.0,0.0,0.0,0.0,0.1774193548387097,0.7672811059907834,6.354838709677419,0.0,0.0014592933947772662,0.016555299539170506
0,0,0,2007-09-30 04:00:00,5,0.0,1.0,0.13333333333333333,0.6333333333333333,6.0,0.20967741935483872,0.9608294930875576,6.290322580645161,0.0,0.00576036866359447,0.036985407066052224
0,0,0,2007-10-01 04:00:00,0,0.0,0.0,0.0,0.0,0.0,0.21666666666666667,0.9928571428571428,5.933333333333334,0.0,0.005952380952380953,0.038218253968253964
0,0,0,2007-10-02 04:00:00,1,0.0,3.5,-0.03571428571428571,0.3023809523809524,8.571428571428571,0.3333333333333333,1.2785714285714285,5.633333333333334,0.0,0.004761904761904762,0.048297619047619054
0,0,0,2007-10-03 04:00:00,0,0.0,0.0,0.0,0.0,0.0,0.3,1.1452380952380952,5.266666666666667,0.0,0.004761904761904762,0.048297619047619054
0,0,0,2007-10-04 04:00:00,1,0.0,0.0,0.0,0.0,0.0,0.3,1.1452380952380952,5.3,0.0,0.004761904761904762,0.048297619047619054
0,0,0,2007-10-05 04:00:00,2,0.0,0.0,0.0,0.0,0.0,0.3,1.1452380952380952,5.333333333333333,0.0,0.004761904761904762,0.048297619047619054
0,0,0,2007-10-06 04:00:00,3,0.0,0.0,0.0,0.0,0.0,0.3,1.1452380952380952,5.366666666666666,0.0,0.004761904761904762,0.048297619047619054
0,0,0,2007-10-07 04:00:00,4,0.0,0.0,0.0,0.0,0.0,0.3,1.1452380952380952,5.4,0.0,0.004761904761904762,0.048297619047619054
0,0,0,2007-10-08 04:00:00,5,0.0,2.0,-0.033333333333333326,0.8833333333333333,12.5,0.36666666666666664,1.561904761904762,5.433333333333334,0.0,0.003650793650793652,0.0777420634920635
0,0,0,2007-10-09 04:00:00,0,0.0,0.0,0.0,0.0,0.0,0.36666666666666664,1.561904761904762,5.266666666666667,0.0,0.003650793650793652,0.0777420634920635
0,0,0,2007-10-10 04:00:00,1,0.0,5.0,0.11,0.18,11.6,0.5333333333333333,1.9485714285714286,5.1,0.0,0.007317460317460318,0.0837420634920635
0,0,0,2007-10-11 04:00:00,0,0.0,0.0,0.0,0.0,0.0,0.5333333333333333,1.9485714285714286,4.866666666666666,0.0,0.007317460317460318,0.0837420634920635
0,0,0,2007-10-12 04:00:00,1,0.0,0.0,0.0,0.0,0.0,0.5333333333333333,1.9485714285714286,4.633333333333334,0.0,0.007317460317460318,0.0837420634920635
0,0,0,2007-10-13 04:00:00,2,0.0,0.0,0.0,0.0,0.0,0.5333333333333333,1.9485714285714286,4.4,0.0,0.007317460317460318,0.0837420634920635
0,0,0,2007-10-14 04:00:00,3,0.0,0.0,0.0,0.0,0.0,0.5333333333333333,1.9485714285714286,4.166666666666667,0.0,0.007317460317460318,0.0837420634920635
0,0,0,2007-10-15 04:00:00,4,0.0,0.0,0.0,0.0,0.0,0.5333333333333333,1.9485714285714286,3.933333333333333,0.0,0.007317460317460318,0.0837420634920635
0,0,0,2007-10-16 04:00:00,5,0.0,0.0,0.0,0.0,0.0,0.5333333333333333,1.9485714285714286,3.7,0.0,0.007317460317460318,0.0837420634920635
0,0,0,2007-10-17 04:00:00,6,0.0,0.0,0.0,0.0,0.0,0.5333333333333333,1.9485714285714286,3.466666666666667,0.0,0.007317460317460318,0.0837420634920635
0,0,0,2007-10-18 04:00:00,7,0.0,0.0,0.0,0.0,0.0,0.5333333333333333,1.9485714285714286,3.2333333333333334,0.0,0.007317460317460318,0.08374206349206349
0,0,0,2007-10-19 04:00:00,8,0.0,0.0,0.0,0.0,0.0,0.5333333333333333,1.9485714285714286,3.0,0.0,0.007317460317460318,0.08374206349206349
0,0,0,2007-10-20 04:00:00,9,0.0,0.0,0.0,0.0,0.0,0.5,1.831904761904762,2.7666666666666666,0.0,0.007317460317460318,0.08374206349206349
0,0,0,2007-10-21 04:00:00,10,0.0,0.0,0.0,0.0,0.0,0.5,1.831904761904762,3.1,0.0,0.007317460317460318,0.08374206349206349
0,0,0,2007-10-22 04:00:00,11,0.0,4.0,0.15,0.3,5.5,0.6333333333333333,2.0152380952380953,3.433333333333333,0.0,0.012317460317460317,0.09374206349206347
0,0,0,2007-10-23 04:00:00,0,0.0,0.0,0.0,0.0,0.0,0.6333333333333333,2.0152380952380953,3.3666666666666667,0.0,0.012317460317460317,0.09374206349206347
0,0,0,2007-10-24 04:00:00,1,0.0,1.0,0.06666666666666668,0.2833333333333334,5.5,0.55,1.6557142857142857,3.3,0.0,0.013031746031746031,0.08607936507936507
0,0,0,2007-10-25 04:00:00,0,0.0,0.0,0.0,0.0,0.0,0.55,1.6557142857142857,3.3,0.0,0.013031746031746031,0.08607936507936507
0,0,0,2007-10-26 04:00:00,1,0.0,2.0,0.6166666666666667,0.9833333333333334,4.5,0.6166666666666667,1.8057142857142856,3.3,0.0,0.03358730158730159,0.11885714285714284
0,0,0,2007-10-27 04:00:00,0,0.0,0.0,0.0,0.0,0.0,0.6166666666666667,1.8057142857142856,3.2333333333333334,0.0,0.03358730158730159,0.11885714285714284
0,0,0,2007-10-28 04:00:00,1,0.0,0.0,0.0,0.0,0.0,0.6166666666666667,1.8057142857142856,3.1666666666666665,0.0,0.03358730158730159,0.11885714285714284
0,0,0,2007-10-29 04:00:00,2,0.0,10.0,-0.05263888888888888,0.18694444444444444,15.8,0.95,2.3323809523809524,3.1,0.0,0.031832671957671956,0.12508862433862433
0,0,0,2007-10-30 04:00:00,0,0.0,0.0,0.0,0.0,0.0,0.9166666666666666,2.1323809523809527,2.933333333333333,0.0,0.027388227513227514,0.10397751322751321
0,0,0,2007-10-31 04:00:00,1,0.0,0.0,0.0,0.0,0.0,0.8870967741935484,2.063594470046083,2.870967741935484,0.0,0.026504736303123402,0.10062339989759343
0,0,0,2007-11-01 04:00:00,2,0.0,0.0,0.0,0.0,0.0,0.8870967741935484,2.063594470046083,2.935483870967742,0.0,0.026504736303123402,0.10062339989759343
0,0,0,2007-11-02 04:00:00,3,0.0,0.0,0.0,0.0,0.0,0.7741935483870968,1.7870967741935486,3.0,0.0,0.027656810035842295,0.09086917562724013
0,0,0,2007-11-03 04:00:00,4,0.0,0.0,0.0,0.0,0.0,0.7741935483870968,1.7870967741935484,3.129032258064516,0.0,0.027656810035842295,0.09086917562724013
0,0,0,2007-11-04 04:00:00,5,0.0,0.0,0.0,0.0,0.0,0.7741935483870968,1.7870967741935484,3.2580645161290325,0.0,0.027656810035842295,0.09086917562724013
0,0,0,2007-11-05 04:00:00,6,0.0,0.0,0.0,0.0,0.0,0.7741935483870968,1.7870967741935484,3.3870967741935485,0.0,0.027656810035842295,0.09086917562724013
0,0,0,2007-11-06 04:00:00,7,0.0,0.0,0.0,0.0,0.0,0.7741935483870968,1.7870967741935484,3.5161290322580645,0.0,0.027656810035842295,0.09086917562724013
0,0,0,2007-11-07 04:00:00,8,0.0,0.0,0.0,0.0,0.0,0.7741935483870968,1.7870967741935484,3.6451612903225805,0.0,0.027656810035842295,0.09086917562724013
0,0,0,2007-11-08 04:00:00,9,0.0,3.0,0.0,0.2333333333333333,5.0,0.8064516129032258,1.5451612903225806,3.774193548387097,0.0,0.028732078853046596,0.06990143369175629
0,0,0,2007-11-09 04:00:00,0,0.0,0.0,0.0,0.0,0.0,0.8064516129032258,1.5451612903225806,3.774193548387097,0.0,0.028732078853046596,0.06990143369175629
0,0,0,2007-11-10 04:00:00,1,0.0,0.0,0.0,0.0,0.0,0.6451612903225806,1.1709677419354838,3.774193548387097,0.0,0.025183691756272403,0.06409498207885304
0,0,0,2007-11-11 04:00:00,2,0.0,1.5,0.24444444444444444,0.5222222222222223,4.333333333333333,0.6935483870967742,1.310752688172043,3.838709677419355,0.0,0.03306899641577061,0.08094086021505376
0,0,0,2007-11-12 04:00:00,0,0.0,1.0,0.5,0.75,6.0,0.7258064516129032,1.5043010752688173,3.806451612903226,0.0,0.049198028673835124,0.10513440860215052
0,0,0,2007-11-13 04:00:00,0,0.0,0.0,0.0,0.0,0.0,0.7258064516129032,1.5043010752688173,3.7419354838709675,0.0,0.04919802867383513,0.10513440860215054
0,0,0,2007-11-14 04:00:00,1,0.0,0.0,0.0,0.0,0.0,0.7258064516129032,1.5043010752688173,3.6774193548387095,0.0,0.049198028673835124,0.10513440860215052
0,0,0,2007-11-15 04:00:00,2,0.0,0.0,0.0,0.0,0.0,0.7258064516129032,1.5043010752688173,3.6129032258064515,0.0,0.049198028673835124,0.10513440860215052
0,0,0,2007-11-16 04:00:00,3,0.0,0.0,0.0,0.0,0.0,0.7258064516129032,1.5043010752688173,3.5483870967741935,0.0,0.049198028673835124,0.10513440860215052
0,0,0,2007-11-17 04:00:00,4,0.0,0.0,0.0,0.0,0.0,0.7258064516129032,1.5043010752688173,3.4838709677419355,0.0,0.049198028673835124,0.10513440860215052
0,0,0,2007-11-18 04:00:00,5,0.0,0.0,0.0,0.0,0.0,0.7258064516129032,1.5043010752688173,3.4193548387096775,0.0,0.049198028673835124,0.10513440860215052
0,0,0,2007-11-19 04:00:00,6,0.0,0.0,0.0,0.0,0.0,0.7258064516129032,1.5043010752688173,3.3548387096774195,0.0,0.049198028673835124,0.10513440860215052
0,0,0,2007-11-20 04:00:00,7,0.0,0.0,0.0,0.0,0.0,0.7258064516129032,1.5043010752688173,3.2903225806451615,0.0,0.049198028673835124,0.10513440860215052
0,0,0,2007-11-21 04:00:00,8,0.0,0.0,0.0,0.0,0.0,0.7258064516129032,1.5043010752688173,3.225806451612903,0.0,0.049198028673835124,0.10513440860215052
0,0,0,2007-11-22 04:00:00,9,0.0,0.0,0.0,0.0,0.0,0.5967741935483871,1.3268817204301075,3.161290322580645,0.0,0.04435931899641577,0.09545698924731182
0,0,0,2007-11-23 04:00:00,10,0.0,0.0,0.0,0.0,0.0,0.5967741935483871,1.3268817204301075,3.4838709677419355,0.0,0.04435931899641577,0.09545698924731182
0,0,0,2007-11-24 04:00:00,11,0.0,0.0,0.0,0.0,0.0,0.5645161290322581,1.1494623655913978,3.806451612903226,0.0,0.04220878136200717,0.08631720430107527
0,0,0,2007-11-25 04:00:00,12,0.0,0.0,0.0,0.0,0.0,0.5645161290322581,1.1494623655913978,4.193548387096774,0.0,0.04220878136200717,0.08631720430107527
0,0,0,2007-11-26 04:00:00,13,0.0,0.0,0.0,0.0,0.0,0.5,1.0043010752688173,4.580645161290323,0.0,0.022316308243727597,0.054596774193548386
0,0,0,2007-11-27 04:00:00,14,0.0,0.0,0.0,0.0,0.0,0.5,1.0043010752688173,5.032258064516129,0.0,0.022316308243727597,0.054596774193548386
0,0,0,2007-11-28 04:00:00,15,0.0,0.0,0.0,0.0,0.0,0.5,1.0043010752688173,5.483870967741935,0.0,0.022316308243727597,0.054596774193548386
0,0,0,2007-11-29 04:00:00,16,0.0,0.0,0.0,0.0,0.0,0.1774193548387097,0.49462365591397844,5.935483870967742,0.0,0.024014336917562724,0.048566308243727596
0,0,0,2007-11-30 04:00:00,17,0.0,0.0,0.0,0.0,0.0,0.1774193548387097,0.49462365591397844,6.483870967741935,0.0,0.024014336917562724,0.048566308243727596
0,0,0,2007-12-01 04:00:00,18,0.0,0.0,0.0,0.0,0.0,0.18333333333333332,0.5111111111111111,7.2,0.0,0.024814814814814814,0.05018518518518519
0,0,0,2007-12-02 04:00:00,19,0.0,0.0,0.0,0.0,0.0,0.18333333333333332,0.5111111111111111,7.733333333333333,0.0,0.024814814814814814,0.05018518518518519
0,0,0,2007-12-03 04:00:00,20,0.0,0.0,0.0,0.0,0.0,0.18333333333333332,0.5111111111111111,8.266666666666667,0.0,0.024814814814814814,0.05018518518518519
0,0,0,2007-12-04 04:00:00,21,0.0,0.0,0.0,0.0,0.0,0.18333333333333332,0.5111111111111111,8.8,0.0,0.024814814814814814,0.05018518518518519
0,0,0,2007-12-05 04:00:00,22,0.0,0.0,0.0,0.0,0.0,0.18333333333333332,0.5111111111111111,9.333333333333334,0.0,0.024814814814814814,0.05018518518518519
0,0,0,2007-12-06 04:00:00,23,0.0,0.0,0.0,0.0,0.0,0.18333333333333332,0.5111111111111111,9.866666666666667,0.0,0.024814814814814814,0.05018518518518519
0,0,0,2007-12-07 04:00:00,24,0.0,0.0,0.0,0.0,0.0,0.18333333333333332,0.5111111111111111,10.4,0.0,0.024814814814814814,0.05018518518518519
0,0,0,2007-12-08 04:00:00,25,0.0,7.0,0.1369047619047619,0.24285714285714285,7.428571428571429,0.31666666666666665,0.5920634920634921,10.933333333333334,0.0,0.02937830687830688,0.0505026455026455
0,0,0,2007-12-09 04:00:00,0,0.0,1.0,0.6,1.0,8.0,0.35,0.8587301587301588,10.933333333333334,0.0,0.04937830687830688,0.08383597883597883
0,0,0,2007-12-10 04:00:00,0,0.0,0.0,0.0,0.0,0.0,0.35,0.8587301587301588,10.9,0.0,0.04937830687830688,0.08383597883597883
0,0,0,2007-12-11 04:00:00,1,0.0,3.0,0.2,0.3333333333333333,7.0,0.4,0.9476190476190477,10.866666666666667,0.0,0.047896825396825396,0.07753968253968253
0,0,0,2007-12-12 04:00:00,0,0.0,0.0,0.0,0.0,0.0,0.36666666666666664,0.7476190476190477,10.866666666666667,0.0,0.03123015873015873,0.05253968253968254
0,0,0,2007-12-13 04:00:00,1,0.0,0.0,0.0,0.0,0.0,0.36666666666666664,0.7476190476190477,10.9,0.0,0.03123015873015873,0.05253968253968254
0,0,0,2007-12-14 04:00:00,2,0.0,0.0,0.0,0.0,0.0,0.36666666666666664,0.7476190476190477,10.933333333333334,0.0,0.03123015873015873,0.05253968253968254
0,0,0,2007-12-15 04:00:00,3,0.0,0.0,0.0,0.0,0.0,0.36666666666666664,0.7476190476190477,10.966666666666667,0.0,0.03123015873015873,0.05253968253968254
0,0,0,2007-12-16 04:00:00,4,0.0,0.0,0.0,0.0,0.0,0.36666666666666664,0.7476190476190477,11.0,0.0,0.03123015873015873,0.05253968253968254
0,0,0,2007-12-17 04:00:00,5,0.0,0.0,0.0,0.0,0.0,0.36666666666666664,0.7476190476190477,11.033333333333333,0.0,0.03123015873015873,0.05253968253968254
0,0,0,2007-12-18 04:00:00,6,0.0,3.0,-0.13333333333333333,0.35000000000000003,12.333333333333336,0.4666666666666667,1.1587301587301588,11.066666666666666,0.0,0.026785714285714288,0.06420634920634921
0,0,0,2007-12-19 04:00:00,0,0.0,0.0,0.0,0.0,0.0,0.4666666666666667,1.1587301587301588,10.866666666666667,0.0,0.026785714285714284,0.06420634920634921
0,0,0,2007-12-20 04:00:00,1,0.0,0.0,0.0,0.0,0.0,0.4666666666666667,1.1587301587301588,10.666666666666666,0.0,0.026785714285714288,0.06420634920634921
0,0,0,2007-12-21 04:00:00,2,0.0,0.0,0.0,0.0,0.0,0.4666666666666667,1.1587301587301588,10.466666666666667,0.0,0.026785714285714284,0.06420634920634921
0,0,0,2007-12-22 04:00:00,3,0.0,1.0,1.0,1.0,3.0,0.5,1.258730158730159,10.266666666666667,0.0,0.060119047619047614,0.09753968253968255
0,0,0,2007-12-23 04:00:00,0,0.0,0.0,0.0,0.0,0.0,0.5,1.258730158730159,9.933333333333334,0.0,0.060119047619047614,0.09753968253968255
0,0,0,2007-12-24 04:00:00,1,0.0,0.0,0.0,0.0,0.0,0.5,1.258730158730159,9.6,0.0,0.06011904761904762,0.09753968253968255
0,0,0,2007-12-25 04:00:00,2,0.0,1.0,0.0,0.0,4.0,0.5333333333333333,1.3920634920634922,9.266666666666667,0.0,0.06011904761904762,0.09753968253968255
0,0,0,2007-12-26 04:00:00,0,0.0,1.0,0.0,0.0,4.0,0.5666666666666667,1.5253968253968255,8.833333333333334,0.0,0.060119047619047614,0.09753968253968255
0,0,0,2007-12-27 04:00:00,0,0.0,0.0,0.0,0.0,0.0,0.5666666666666667,1.5253968253968255,8.366666666666667,0.0,0.060119047619047614,0.09753968253968255
0,0,0,2007-12-28 04:00:00,1,0.0,4.0,-0.014583333333333325,0.23541666666666666,13.5,0.7,1.9753968253968255,7.9,0.0,0.05963293650793651,0.10538690476190476
0,0,0,2007-12-29 04:00:00,0,0.0,0.0,0.0,0.0,0.0,0.7,1.9753968253968255,7.366666666666666,0.0,0.05963293650793651,0.10538690476190476
0,0,0,2007-12-30 04:00:00,1,0.0,0.0,0.0,0.0,0.0,0.7,1.9753968253968255,6.833333333333333,0.0,0.05963293650793652,0.10538690476190476
0,0,0,2007-12-31 04:00:00,2,0.0,0.0,0.0,0.0,0.0,0.6774193548387096,1.9116743471582183,6.67741935483871,0.0,0.05770929339477727,0.1019873271889401
0,0,0,2008-01-01 04:00:00,3,0.0,0.0,0.0,0.0,0.0,0.6774193548387096,1.9116743471582183,6.193548387096774,0.0,0.05770929339477727,0.1019873271889401
0,0,0,2008-01-02 04:00:00,4,0.0,0.0,0.0,0.0,0.0,0.6774193548387096,1.9116743471582183,5.709677419354839,0.0,0.057709293394777254,0.1019873271889401
0,0,0,2008-01-03 04:00:00,5,0.0,0.0,0.0,0.0,0.0,0.6774193548387096,1.9116743471582183,5.225806451612903,0.0,0.057709293394777275,0.1019873271889401
0,0,0,2008-01-04 04:00:00,6,0.0,0.0,0.0,0.0,0.0,0.6774193548387096,1.9116743471582183,4.741935483870968,0.0,0.057709293394777275,0.1019873271889401
0,0,0,2008-01-05 04:00:00,7,0.0,0.0,0.0,0.0,0.0,0.6774193548387096,1.9116743471582183,4.258064516129032,0.0,0.057709293394777254,0.1019873271889401
0,0,0,2008-01-06 04:00:00,8,0.0,2.0,0.4649999999999999,0.5,8.0,0.7419354838709677,2.1697388632872503,3.774193548387097,0.0,0.07270929339477725,0.11811635944700462
0,0,0,2008-01-07 04:00:00,0,0.0,1.0,0.0,0.0,12.0,0.7741935483870968,2.5568356374807992,3.0,0.0,0.07270929339477725,0.11811635944700462
0,0,0,2008-01-08 04:00:00,0,0.0,0.0,0.0,0.0,0.0,0.5483870967741935,2.317204301075269,2.193548387096774,0.0,0.06829301075268816,0.11028225806451614
0,0,0,2008-01-09 04:00:00,1,0.0,0.0,0.0,0.0,0.0,0.5161290322580645,2.0591397849462365,2.225806451612903,0.0,0.04893817204301074,0.0780241935483871
0,0,0,2008-01-10 04:00:00,2,0.0,0.0,0.0,0.0,0.0,0.5161290322580645,2.0591397849462365,2.2903225806451615,0.0,0.04893817204301074,0.0780241935483871
0,0,0,2008-01-11 04:00:00,3,0.0,0.0,0.0,0.0,0.0,0.41935483870967744,1.8333333333333335,2.3548387096774195,0.0,0.04248655913978494,0.06727150537634409
0,0,0,2008-01-12 04:00:00,4,0.0,0.0,0.0,0.0,0.0,0.41935483870967744,1.8333333333333335,2.4838709677419355,0.0,0.04248655913978494,0.06727150537634409
0,0,0,2008-01-13 04:00:00,5,0.0,0.0,0.0,0.0,0.0,0.41935483870967744,1.8333333333333335,2.6129032258064515,0.0,0.04248655913978494,0.06727150537634409
0,0,0,2008-01-14 04:00:00,6,0.0,0.0,0.0,0.0,0.0,0.41935483870967744,1.8333333333333335,2.7419354838709675,0.0,0.04248655913978494,0.06727150537634409
0,0,0,2008-01-15 04:00:00,7,0.0,0.0,0.0,0.0,0.0,0.41935483870967744,1.8333333333333335,2.870967741935484,0.0,0.04248655913978494,0.06727150537634409
0,0,0,2008-01-16 04:00:00,8,0.0,0.0,0.0,0.0,0.0,0.41935483870967744,1.8333333333333335,3.0,0.0,0.04248655913978494,0.06727150537634409
0,0,0,2008-01-17 04:00:00,9,0.0,0.0,0.0,0.0,0.0,0.41935483870967744,1.8333333333333335,3.129032258064516,0.0,0.04248655913978494,0.06727150537634409
0,0,0,2008-01-18 04:00:00,10,0.0,0.0,0.0,0.0,0.0,0.3225806451612903,1.435483870967742,3.2580645161290325,0.0,0.04678763440860215,0.05598118279569892
0,0,0,2008-01-19 04:00:00,11,0.0,0.0,0.0,0.0,0.0,0.3225806451612903,1.435483870967742,3.6129032258064515,0.0,0.04678763440860215,0.05598118279569892
0,0,0,2008-01-20 04:00:00,12,0.0,0.0,0.0,0.0,0.0,0.3225806451612903,1.435483870967742,3.967741935483871,0.0,0.04678763440860215,0.05598118279569892
0,0,0,2008-01-21 04:00:00,13,0.0,1.0,0.15000000000000002,0.45,16.0,0.3548387096774194,1.9516129032258065,4.32258064516129,0.0,0.05162634408602151,0.07049731182795699
0,0,0,2008-01-22 04:00:00,0,0.0,0.0,0.0,0.0,0.0,0.3225806451612903,1.8548387096774193,4.225806451612903,0.0,0.019368279569892476,0.038239247311827956
0,0,0,2008-01-23 04:00:00,1,0.0,0.0,0.0,0.0,0.0,0.3225806451612903,1.8548387096774193,4.258064516129032,0.0,0.019368279569892476,0.038239247311827956
0,0,0,2008-01-24 04:00:00,2,0.0,0.0,0.0,0.0,0.0,0.3225806451612903,1.8548387096774193,4.290322580645161,0.0,0.019368279569892476,0.038239247311827956
0,0,0,2008-01-25 04:00:00,3,0.0,0.0,0.0,0.0,0.0,0.2903225806451613,1.7258064516129032,4.32258064516129,0.0,0.019368279569892476,0.038239247311827956
0,0,0,2008-01-26 04:00:00,4,0.0,0.0,0.0,0.0,0.0,0.25806451612903225,1.596774193548387,4.451612903225806,0.0,0.019368279569892476,0.038239247311827956
0,0,0,2008-01-27 04:00:00,5,0.0,0.0,0.0,0.0,0.0,0.25806451612903225,1.596774193548387,4.612903225806452,0.0,0.019368279569892476,0.038239247311827956
0,0,0,2008-01-28 04:00:00,6,0.0,0.0,0.0,0.0,0.0,0.12903225806451613,1.1612903225806452,4.774193548387097,0.0,0.019838709677419356,0.03064516129032258
0,0,0,2008-01-29 04:00:00,7,0.0,0.0,0.0,0.0,0.0,0.12903225806451613,1.1612903225806452,5.0,0.0,0.019838709677419356,0.03064516129032258
0,0,0,2008-01-30 04:00:00,8,0.0,0.0,0.0,0.0,0.0,0.12903225806451613,1.1612903225806452,5.225806451612903,0.0,0.019838709677419356,0.03064516129032258
0,0,0,2008-01-31 04:00:00,9,0.0,1.0,0.0,0.0,2.0,0.16129032258064516,1.2258064516129032,5.451612903225806,0.0,0.019838709677419356,0.03064516129032258
0,0,0,2008-02-01 04:00:00,0,0.0,1.0,0.6,0.7000000000000001,5.0,0.1935483870967742,1.3870967741935485,5.354838709677419,0.0,0.03919354838709677,0.05322580645161291
0,0,0,2008-02-02 04:00:00,0,0.0,0.0,0.0,0.0,0.0,0.1935483870967742,1.3870967741935485,5.225806451612903,0.0,0.03919354838709677,0.05322580645161291
0,0,0,2008-02-03 04:00:00,1,0.0,0.0,0.0,0.0,0.0,0.1935483870967742,1.3870967741935485,5.096774193548387,0.0,0.03919354838709677,0.05322580645161291
0,0,0,2008-02-04 04:00:00,2,0.0,6.0,-0.13333333333333333,0.2333333333333333,9.833333333333334,0.3870967741935484,1.7043010752688172,4.967741935483871,0.0,0.03489247311827957,0.06075268817204301
0,0,0,2008-02-05 04:00:00,0,0.0,0.0,0.0,0.0,0.0,0.3870967741935484,1.7043010752688172,4.741935483870968,0.0,0.03489247311827957,0.06075268817204302
0,0,0,2008-02-06 04:00:00,1,0.0,0.0,0.0,0.0,0.0,0.3225806451612903,1.446236559139785,4.516129032258065,0.0,0.01989247311827957,0.044623655913978495
0,0,0,2008-02-07 04:00:00,2,0.0,0.0,0.0,0.0,0.0,0.2903225806451613,1.0591397849462367,4.580645161290323,0.0,0.01989247311827957,0.044623655913978495
0,0,0,2008-02-08 04:00:00,3,0.0,0.0,0.0,0.0,0.0,0.2903225806451613,1.0591397849462367,4.67741935483871,0.0,0.01989247311827957,0.044623655913978495
0,0,0,2008-02-09 04:00:00,4,0.0,0.0,0.0,0.0,0.0,0.2903225806451613,1.0591397849462367,4.774193548387097,0.0,0.01989247311827957,0.0446236559139785
0,0,0,2008-02-10 04:00:00,5,0.0,0.0,0.0,0.0,0.0,0.2903225806451613,1.0591397849462367,4.870967741935484,0.0,0.01989247311827957,0.044623655913978495
0,0,0,2008-02-11 04:00:00,6,0.0,0.0,0.0,0.0,0.0,0.2903225806451613,1.0591397849462367,4.967741935483871,0.0,0.01989247311827957,0.044623655913978495
0,0,0,2008-02-12 04:00:00,7,0.0,0.0,0.0,0.0,0.0,0.2903225806451613,1.0591397849462367,5.064516129032258,0.0,0.01989247311827957,0.044623655913978495
0,0,0,2008-02-13 04:00:00,8,0.0,0.0,0.0,0.0,0.0,0.2903225806451613,1.0591397849462367,5.161290322580645,0.0,0.01989247311827957,0.0446236559139785
0,0,0,2008-02-14 04:00:00,9,0.0,0.0,0.0,0.0,0.0,0.2903225806451613,1.0591397849462367,5.258064516129032,0.0,0.01989247311827957,0.044623655913978495
0,0,0,2008-02-15 04:00:00,10,0.0,0.0,0.0,0.0,0.0,0.2903225806451613,1.0591397849462367,5.354838709677419,0.0,0.01989247311827957,0.044623655913978495
0,0,0,2008-02-16 04:00:00,11,0.0,0.0,0.0,0.0,0.0,0.2903225806451613,1.0591397849462367,5.451612903225806,0.0,0.01989247311827957,0.044623655913978495
0,0,0,2008-02-17 04:00:00,12,0.0,0.0,0.0,0.0,0.0,0.2903225806451613,1.0591397849462367,5.548387096774194,0.0,0.01989247311827957,0.044623655913978495
0,0,0,2008-02-18 04:00:00,13,0.0,0.0,0.0,0.0,0.0,0.2903225806451613,1.0591397849462367,5.645161290322581,0.0,0.01989247311827957,0.044623655913978495
0,0,0,2008-02-19 04:00:00,14,0.0,0.0,0.0,0.0,0.0,0.2903225806451613,1.0591397849462367,5.741935483870968,0.0,0.01989247311827957,0.044623655913978495
0,0,0,2008-02-20 04:00:00,15,0.0,0.0,0.0,0.0,0.0,0.2903225806451613,1.0591397849462367,5.838709677419355,0.0,0.01989247311827957,0.044623655913978495
0,0,0,2008-02-21 04:00:00,16,0.0,0.0,0.0,0.0,0.0,0.25806451612903225,0.5430107526881721,5.935483870967742,0.0,0.015053763440860216,0.030107526881720432
0,0,0,2008-02-22 04:00:00,17,0.0,0.0,0.0,0.0,0.0,0.25806451612903225,0.5430107526881721,6.483870967741935,0.0,0.015053763440860216,0.030107526881720432
0,0,0,2008-02-23 04:00:00,18,0.0,0.0,0.0,0.0,0.0,0.25806451612903225,0.5430107526881721,7.032258064516129,0.0,0.015053763440860216,0.030107526881720432
0,0,0,2008-02-24 04:00:00,19,0.0,0.0,0.0,0.0,0.0,0.25806451612903225,0.5430107526881721,7.580645161290323,0.0,0.015053763440860216,0.030107526881720432
0,0,0,2008-02-25 04:00:00,20,0.0,0.0,0.0,0.0,0.0,0.25806451612903225,0.5430107526881721,8.129032258064516,0.0,0.015053763440860216,0.030107526881720432
0,0,0,2008-02-26 04:00:00,21,0.0,0.0,0.0,0.0,0.0,0.25806451612903225,0.5430107526881721,8.67741935483871,0.0,0.015053763440860216,0.030107526881720432
0,0,0,2008-02-27 04:00:00,22,0.0,0.0,0.0,0.0,0.0,0.25806451612903225,0.5430107526881721,9.225806451612904,0.0,0.015053763440860216,0.030107526881720432
0,0,0,2008-02-28 04:00:00,23,0.0,0.0,0.0,0.0,0.0,0.25806451612903225,0.5430107526881721,9.774193548387096,0.0,0.015053763440860216,0.030107526881720432
0,0,0,2008-02-29 04:00:00,24,0.0,0.0,0.0,0.0,0.0,0.25806451612903225,0.5430107526881721,10.32258064516129,0.0,0.015053763440860216,0.030107526881720432
0,0,0,2008-03-01 04:00:00,25,0.0,0.0,0.0,0.0,0.0,0.20689655172413793,0.339080459770115,11.310344827586206,0.0,-0.004597701149425287,0.008045977011494253
0,0,0,2008-03-02 04:00:00,26,0.0,0.0,0.0,0.0,0.0,0.20689655172413793,0.339080459770115,12.206896551724139,0.0,-0.004597701149425287,0.008045977011494253
0,0,0,2008-03-03 04:00:00,27,0.0,0.0,0.0,0.0,0.0,0.20689655172413793,0.339080459770115,13.10344827586207,0.0,-0.004597701149425287,0.008045977011494253
0,0,0,2008-03-04 04:00:00,28,0.0,0.0,0.0,0.0,0.0,0.0,0.0,14.0,0.0,0.0,0.0
0,0,0,2008-03-05 04:00:00,29,0.0,2.0,0.0,0.0,14.0,0.06896551724137931,0.4827586206896552,15.0,0.0,0.0,0.0
0,0,0,2008-03-06 04:00:00,0,0.0,0.0,0.0,0.0,0.0,0.06896551724137931,0.4827586206896552,14.96551724137931,0.0,0.0,0.0
0,0,0,2008-03-07 04:00:00,1,0.0,0.0,0.0,0.0,0.0,0.06896551724137931,0.4827586206896552,14.931034482758621,0.0,0.0,0.0
0,0,0,2008-03-08 04:00:00,2,0.0,0.0,0.0,0.0,0.0,0.06896551724137931,0.4827586206896552,14.89655172413793,0.0,0.0,0.0
0,0,0,2008-03-09 04:00:00,3,0.0,0.0,0.0,0.0,0.0,0.06896551724137931,0.4827586206896552,14.862068965517242,0.0,0.0,0.0
0,0,0,2008-03-10 04:00:00,4,0.0,2.0,0.3,0.5,7.5,0.13793103448275862,0.7413793103448276,14.827586206896552,0.0,0.010344827586206896,0.017241379310344827
0,0,0,2008-03-11 04:00:00,0,0.0,0.0,0.0,0.0,0.0,0.13793103448275862,0.7413793103448276,14.620689655172415,0.0,0.010344827586206896,0.017241379310344827
0,0,0,2008-03-12 04:00:00,1,0.0,0.0,0.0,0.0,0.0,0.13793103448275862,0.7413793103448276,14.413793103448276,0.0,0.010344827586206896,0.017241379310344827
0,0,0,2008-03-13 04:00:00,2,0.0,0.0,0.0,0.0,0.0,0.13793103448275862,0.7413793103448276,14.206896551724139,0.0,0.010344827586206896,0.017241379310344827
0,0,0,2008-03-14 04:00:00,3,0.0,0.0,0.0,0.0,0.0,0.13793103448275862,0.7413793103448276,14.0,0.0,0.010344827586206896,0.017241379310344827
0,0,0,2008-03-15 04:00:00,4,0.0,0.0,0.0,0.0,0.0,0.13793103448275862,0.7413793103448276,13.793103448275861,0.0,0.010344827586206896,0.017241379310344827
0,0,0,2008-03-16 04:00:00,5,0.0,0.0,0.0,0.0,0.0,0.13793103448275862,0.7413793103448276,13.586206896551724,0.0,0.010344827586206896,0.017241379310344827
0,0,0,2008-03-17 04:00:00,6,0.0,0.0,0.0,0.0,0.0,0.13793103448275862,0.7413793103448276,13.379310344827585,0.0,0.010344827586206896,0.017241379310344827
0,0,0,2008-03-18 04:00:00,7,0.0,0.0,0.0,0.0,0.0,0.13793103448275862,0.7413793103448276,13.172413793103448,0.0,0.010344827586206896,0.017241379310344827
0,0,0,2008-03-19 04:00:00,8,0.0,0.0,0.0,0.0,0.0,0.13793103448275862,0.7413793103448276,12.96551724137931,0.0,0.010344827586206896,0.017241379310344827
0,0,0,2008-03-20 04:00:00,9,0.0,0.0,0.0,0.0,0.0,0.13793103448275862,0.7413793103448276,12.758620689655173,0.0,0.010344827586206896,0.017241379310344827
0,0,0,2008-03-21 04:00:00,10,0.0,3.0,0.6,0.977777777777778,4.666666666666667,0.2413793103448276,0.9022988505747127,12.551724137931034,0.0,0.031034482758620686,0.05095785440613027
0,0,0,2008-03-22 04:00:00,0,0.0,1.0,0.0,0.0,6.0,0.27586206896551724,1.1091954022988508,11.96551724137931,0.0,0.031034482758620686,0.05095785440613027
0,0,0,2008-03-23 04:00:00,0,0.0,0.0,0.0,0.0,0.0,0.27586206896551724,1.1091954022988508,11.344827586206897,0.0,0.031034482758620686,0.05095785440613027
0,0,0,2008-03-24 04:00:00,1,0.0,0.0,0.0,0.0,0.0,0.27586206896551724,1.1091954022988508,10.724137931034482,0.0,0.031034482758620686,0.05095785440613027
0,0,0,2008-03-25 04:00:00,2,0.0,0.0,0.0,0.0,0.0,0.27586206896551724,1.1091954022988508,10.10344827586207,0.0,0.031034482758620686,0.05095785440613027
0,0,0,2008-03-26 04:00:00,3,0.0,0.0,0.0,0.0,0.0,0.27586206896551724,1.1091954022988508,9.482758620689655,0.0,0.031034482758620686,0.05095785440613027
0,0,0,2008-03-27 04:00:00,4,0.0,0.0,0.0,0.0,0.0,0.27586206896551724,1.1091954022988508,8.862068965517242,0.0,0.031034482758620686,0.05095785440613027
0,0,0,2008-03-28 04:00:00,5,0.0,0.0,0.0,0.0,0.0,0.27586206896551724,1.1091954022988508,8.241379310344827,0.0,0.031034482758620686,0.05095785440613027
0,0,0,2008-03-29 04:00:00,6,0.0,0.0,0.0,0.0,0.0,0.27586206896551724,1.1091954022988508,7.620689655172414,0.0,0.031034482758620686,0.05095785440613027
0,0,0,2008-03-30 04:00:00,7,0.0,0.0,0.0,0.0,0.0,0.26666666666666666,1.0722222222222224,7.6,0.0,0.029999999999999995,0.04925925925925926
0,0,0,2008-03-31 04:00:00,8,0.0,0.0,0.0,0.0,0.0,0.25806451612903225,1.0376344086021507,7.612903225806452,0.0,0.029032258064516127,0.04767025089605735
0,0,0,2008-04-01 04:00:00,9,0.0,0.0,0.0,0.0,0.0,0.25806451612903225,1.0376344086021507,7.096774193548387,0.0,0.029032258064516127,0.04767025089605735
0,0,0,2008-04-02 04:00:00,10,0.0,0.0,0.0,0.0,0.0,0.25806451612903225,1.0376344086021507,6.580645161290323,0.0,0.029032258064516127,0.04767025089605735
0,0,0,2008-04-03 04:00:00,11,0.0,0.0,0.0,0.0,0.0,0.25806451612903225,1.0376344086021507,6.064516129032258,0.0,0.029032258064516127,0.04767025089605735
0,0,0,2008-04-04 04:00:00,12,0.0,0.0,0.0,0.0,0.0,0.25806451612903225,1.0376344086021507,5.548387096774194,0.0,0.029032258064516127,0.04767025089605735
0,0,0,2008-04-05 04:00:00,13,0.0,0.0,0.0,0.0,0.0,0.1935483870967742,0.5860215053763441,5.032258064516129,0.0,0.029032258064516127,0.04767025089605735
0,0,0,2008-04-06 04:00:00,14,0.0,0.0,0.0,0.0,0.0,0.1935483870967742,0.5860215053763441,5.483870967741935,0.0,0.029032258064516127,0.04767025089605735
0,0,0,2008-04-07 04:00:00,15,0.0,0.0,0.0,0.0,0.0,0.1935483870967742,0.5860215053763441,5.935483870967742,0.0,0.029032258064516127,0.04767025089605735
0,0,0,2008-04-08 04:00:00,16,0.0,0.0,0.0,0.0,0.0,0.1935483870967742,0.5860215053763441,6.387096774193548,0.0,0.029032258064516127,0.04767025089605735
0,0,0,2008-04-09 04:00:00,17,0.0,0.0,0.0,0.0,0.0,0.1935483870967742,0.5860215053763441,6.838709677419355,0.0,0.029032258064516127,0.04767025089605735
0,0,0,2008-04-10 04:00:00,18,0.0,0.0,0.0,0.0,0.0,0.12903225806451613,0.34408602150537637,7.290322580645161,0.0,0.01935483870967742,0.031541218637992835
0,0,0,2008-04-11 04:00:00,19,0.0,0.0,0.0,0.0,0.0,0.12903225806451613,0.34408602150537637,7.903225806451613,0.0,0.01935483870967742,0.031541218637992835
0,0,0,2008-04-12 04:00:00,20,0.0,0.0,0.0,0.0,0.0,0.12903225806451613,0.34408602150537637,8.516129032258064,0.0,0.01935483870967742,0.031541218637992835
0,0,0,2008-04-13 04:00:00,21,0.0,0.0,0.0,0.0,0.0,0.12903225806451613,0.34408602150537637,9.129032258064516,0.0,0.01935483870967742,0.031541218637992835
0,0,0,2008-04-14 04:00:00,22,0.0,2.0,0.18333333333333332,0.35000000000000003,18.0,0.1935483870967742,0.924731182795699,9.741935483870968,0.0,0.025268817204301075,0.042831541218638
0,0,0,2008-04-15 04:00:00,0,0.0,0.0,0.0,0.0,0.0,0.1935483870967742,0.924731182795699,9.612903225806452,0.0,0.025268817204301075,0.042831541218638
0,0,0,2008-04-16 04:00:00,1,0.0,0.0,0.0,0.0,0.0,0.1935483870967742,0.924731182795699,9.483870967741936,0.0,0.025268817204301075,0.042831541218638
0,0,0,2008-04-17 04:00:00,2,0.0,0.0,0.0,0.0,0.0,0.1935483870967742,0.924731182795699,9.35483870967742,0.0,0.025268817204301075,0.042831541218638
0,0,0,2008-04-18 04:00:00,3,0.0,2.0,0.6,0.8500000000000001,11.0,0.25806451612903225,1.2795698924731183,9.225806451612904,0.0,0.044623655913978495,0.07025089605734768
0,0,0,2008-04-19 04:00:00,0,0.0,0.0,0.0,0.0,0.0,0.25806451612903225,1.2795698924731183,8.96774193548387,0.0,0.044623655913978495,0.07025089605734768
0,0,0,2008-04-20 04:00:00,1,0.0,0.0,0.0,0.0,0.0,0.25806451612903225,1.2795698924731183,8.709677419354838,0.0,0.044623655913978495,0.07025089605734768
0,0,0,2008-04-21 04:00:00,2,0.0,0.0,0.0,0.0,0.0,0.16129032258064516,1.1290322580645162,8.451612903225806,0.0,0.025268817204301075,0.03870967741935485
0,0,0,2008-04-22 04:00:00,3,0.0,0.0,0.0,0.0,0.0,0.12903225806451613,0.9354838709677419,8.548387096774194,0.0,0.025268817204301075,0.03870967741935485
0,0,0,2008-04-23 04:00:00,4,0.0,0.0,0.0,0.0,0.0,0.12903225806451613,0.9354838709677419,8.67741935483871,0.0,0.025268817204301075,0.03870967741935485
0,0,0,2008-04-24 04:00:00,5,0.0,0.0,0.0,0.0,0.0,0.12903225806451613,0.9354838709677419,8.806451612903226,0.0,0.025268817204301075,0.03870967741935485
0,0,0,2008-04-25 04:00:00,6,0.0,0.0,0.0,0.0,0.0,0.12903225806451613,0.9354838709677419,8.935483870967742,0.0,0.025268817204301075,0.03870967741935485
0,0,0,2008-04-26 04:00:00,7,0.0,0.0,0.0,0.0,0.0,0.12903225806451613,0.9354838709677419,9.064516129032258,0.0,0.025268817204301075,0.03870967741935485
0,0,0,2008-04-27 04:00:00,8,0.0,0.0,0.0,0.0,0.0,0.12903225806451613,0.9354838709677419,9.193548387096774,0.0,0.025268817204301075,0.03870967741935485
0,0,0,2008-04-28 04:00:00,9,0.0,2.5,0.075,0.3416666666666666,12.0,0.20967741935483872,1.3225806451612903,9.32258064516129,0.0,0.02768817204301075,0.04973118279569893
0,0,0,2008-04-29 04:00:00,0,0.0,3.0,-0.05714285714285713,0.4357142857142857,9.0,0.3064516129032258,1.6129032258064515,9.129032258064516,0.0,0.025844854070660523,0.06378648233486943
0,0,0,2008-04-30 04:00:00,0,0.0,4.333333333333333,0.06071428571428573,0.37619047619047613,11.214285714285712,0.4462365591397849,1.9746543778801842,8.903225806451612,0.0,0.027803379416282643,0.07592165898617512
0,0,0,2008-05-01 04:00:00,0,0.0,0.0,0.0,0.0,0.0,0.4611111111111111,2.0404761904761903,8.633333333333333,0.0,0.02873015873015873,0.07845238095238095
0,0,0,2008-05-02 04:00:00,1,0.0,0.0,0.0,0.0,0.0,0.4611111111111111,2.0404761904761903,8.333333333333334,0.0,0.028730158730158727,0.07845238095238095
0,0,0,2008-05-03 04:00:00,2,0.0,0.0,0.0,0.0,0.0,0.4611111111111111,2.0404761904761903,8.033333333333333,0.0,0.02873015873015873,0.07845238095238095
0,0,0,2008-05-04 04:00:00,3,0.0,0.0,0.0,0.0,0.0,0.4611111111111111,2.0404761904761903,7.733333333333333,0.0,0.02873015873015873,0.07845238095238095
0,0,0,2008-05-05 04:00:00,4,0.0,0.0,0.0,0.0,0.0,0.4611111111111111,2.0404761904761903,7.433333333333334,0.0,0.02873015873015873,0.07845238095238095
0,0,0,2008-05-06 04:00:00,5,0.0,0.0,0.0,0.0,0.0,0.4611111111111111,2.0404761904761903,7.133333333333334,0.0,0.028730158730158727,0.07845238095238095
0,0,0,2008-05-07 04:00:00,6,0.0,0.0,0.0,0.0,0.0,0.4611111111111111,2.0404761904761903,6.833333333333333,0.0,0.02873015873015873,0.07845238095238095
0,0,0,2008-05-08 04:00:00,7,0.0,0.0,0.0,0.0,0.0,0.4611111111111111,2.0404761904761903,6.533333333333333,0.0,0.02873015873015873,0.07845238095238095
0,0,0,2008-05-09 04:00:00,8,0.0,0.0,0.0,0.0,0.0,0.4611111111111111,2.0404761904761903,6.233333333333333,0.0,0.02873015873015873,0.07845238095238095
0,0,0,2008-05-10 04:00:00,9,0.0,0.0,0.0,0.0,0.0,0.4611111111111111,2.0404761904761903,5.933333333333334,0.0,0.028730158730158727,0.07845238095238095
0,0,0,2008-05-11 04:00:00,10,0.0,0.0,0.0,0.0,0.0,0.4611111111111111,2.0404761904761903,5.633333333333334,0.0,0.02873015873015873,0.07845238095238095
0,0,0,2008-05-12 04:00:00,11,0.0,0.0,0.0,0.0,0.0,0.4611111111111111,2.0404761904761903,5.333333333333333,0.0,0.02873015873015873,0.07845238095238095
0,0,0,2008-05-13 04:00:00,12,0.0,0.0,0.0,0.0,0.0,0.4611111111111111,2.0404761904761903,5.033333333333333,0.0,0.02873015873015873,0.07845238095238095
0,0,0,2008-05-14 04:00:00,13,0.0,0.0,0.0,0.0,0.0,0.39444444444444443,1.4404761904761902,4.733333333333333,0.0,0.02261904761904762,0.06678571428571428
0,0,0,2008-05-15 04:00:00,14,0.0,0.0,0.0,0.0,0.0,0.39444444444444443,1.4404761904761902,5.2,0.0,0.02261904761904762,0.06678571428571428
0,0,0,2008-05-16 04:00:00,15,0.0,0.0,0.0,0.0,0.0,0.39444444444444443,1.4404761904761902,5.666666666666667,0.0,0.02261904761904762,0.06678571428571428
0,0,0,2008-05-17 04:00:00,16,0.0,0.0,0.0,0.0,0.0,0.39444444444444443,1.4404761904761902,6.133333333333334,0.0,0.02261904761904762,0.06678571428571428
0,0,0,2008-05-18 04:00:00,17,0.0,0.0,0.0,0.0,0.0,0.3277777777777777,1.0738095238095235,6.6,0.0,0.00261904761904762,0.038452380952380946
0,0,0,2008-05-19 04:00:00,18,0.0,0.0,0.0,0.0,0.0,0.3277777777777777,1.0738095238095235,7.2,0.0,0.00261904761904762,0.038452380952380946
0,0,0,2008-05-20 04:00:00,19,0.0,0.0,0.0,0.0,0.0,0.3277777777777777,1.0738095238095235,7.8,0.0,0.00261904761904762,0.038452380952380946
0,0,0,2008-05-21 04:00:00,20,0.0,3.0,0.011111111111111113,0.25555555555555554,16.666666666666668,0.42777777777777776,1.6293650793650793,8.4,0.0,0.0029894179894179905,0.04697089947089947
0,0,0,2008-05-22 04:00:00,0,0.0,0.0,0.0,0.0,0.0,0.42777777777777776,1.6293650793650793,8.3,0.0,0.0029894179894179905,0.04697089947089947
0,0,0,2008-05-23 04:00:00,1,0.0,0.0,0.0,0.0,0.0,0.42777777777777776,1.6293650793650793,8.2,0.0,0.002989417989417991,0.04697089947089947
0,0,0,2008-05-24 04:00:00,2,0.0,0.0,0.0,0.0,0.0,0.42777777777777776,1.6293650793650793,8.1,0.0,0.002989417989417991,0.04697089947089947
0,0,0,2008-05-25 04:00:00,3,0.0,1.0,0.2,0.4,9.0,0.4611111111111111,1.9293650793650794,8.0,0.0,0.009656084656084658,0.0603042328042328
0,0,0,2008-05-26 04:00:00,0,0.0,0.0,0.0,0.0,0.0,0.4611111111111111,1.9293650793650794,7.766666666666667,0.0,0.009656084656084658,0.0603042328042328
0,0,0,2008-05-27 04:00:00,1,0.0,0.0,0.0,0.0,0.0,0.4611111111111111,1.9293650793650794,7.533333333333333,0.0,0.009656084656084658,0.0603042328042328
0,0,0,2008-05-28 04:00:00,2,0.0,0.0,0.0,0.0,0.0,0.3777777777777777,1.5293650793650793,7.3,0.0,0.007156084656084657,0.04891534391534391
0,0,0,2008-05-29 04:00:00,3,0.0,0.0,0.0,0.0,0.0,0.27777777777777773,1.2293650793650792,7.4,0.0,0.009060846560846563,0.03439153439153439
0,0,0,2008-05-30 04:00:00,4,0.0,3.0,0.3644444444444444,0.5222222222222223,8.666666666666666,0.23333333333333334,1.1444444444444446,7.533333333333333,0.0,0.019185185185185187,0.03925925925925926
0,0,0,2008-05-31 04:00:00,0,0.0,1.0,0.05,0.275,6.5,0.25806451612903225,1.317204301075269,7.290322580645161,0.0,0.02017921146953405,0.04686379928315413
0,0,0,2008-06-01 04:00:00,0,0.0,1.0,0.6000000000000001,0.9,11.0,0.2903225806451613,1.6720430107526882,7.290322580645161,0.0,0.039534050179211466,0.07589605734767026
0,0,0,2008-06-02 04:00:00,0,0.0,0.0,0.0,0.0,0.0,0.2903225806451613,1.672043010752688,7.258064516129032,0.0,0.039534050179211466,0.07589605734767026
0,0,0,2008-06-03 04:00:00,1,0.0,1.5,0.37,0.5,5.25,0.3387096774193548,1.8413978494623657,7.225806451612903,0.0,0.05146953405017922,0.09202508960573477
0,0,0,2008-06-04 04:00:00,0,0.0,2.0,0.275,0.45,10.0,0.4032258064516129,2.1639784946236564,7.129032258064516,0.0,0.06034050179211469,0.10654121863799285
0,0,0,2008-06-05 04:00:00,0,0.0,2.5,0.12051282051282053,0.3166666666666667,7.9230769230769225,0.4838709677419355,2.419561621174524,7.0,0.0,0.06422801213123794,0.11675627240143369
0,0,0,2008-06-06 04:00:00,0,0.0,2.0,0.06000000000000001,0.125,4.2,0.5483870967741935,2.5550454921422667,6.838709677419355,0.0,0.06616349600220568,0.12078853046594983
0,0,0,2008-06-07 04:00:00,0,0.0,1.5,0.475,0.7375,7.25,0.5967741935483871,2.788916459884202,6.645161290322581,0.0,0.08148607664736698,0.14457885304659499
0,0,0,2008-06-08 04:00:00,0,0.0,0.0,0.0,0.0,0.0,0.5967741935483871,2.788916459884202,6.419354838709677,0.0,0.08148607664736697,0.14457885304659499
0,0,0,2008-06-09 04:00:00,1,0.0,2.0,0.0,0.0,6.5,0.6612903225806451,2.9985938792390403,6.193548387096774,0.0,0.08148607664736698,0.144578853046595
0,0,0,2008-06-10 04:00:00,0,0.0,0.0,0.0,0.0,0.0,0.6612903225806451,2.9985938792390407,5.903225806451613,0.0,0.08148607664736697,0.14457885304659499
0,0,0,2008-06-11 04:00:00,1,0.0,5.0,-0.07833333333333332,0.4033333333333333,9.2,0.8225806451612904,3.2953680727874275,5.612903225806452,0.0,0.07895919492693687,0.15758960573476705
0,0,0,2008-06-12 04:00:00,0,0.0,0.0,0.0,0.0,0.0,0.8225806451612904,3.2953680727874275,5.258064516129032,0.0,0.07895919492693687,0.15758960573476702
0,0,0,2008-06-13 04:00:00,1,0.0,0.0,0.0,0.0,0.0,0.8225806451612904,3.2953680727874275,4.903225806451613,0.0,0.07895919492693687,0.15758960573476705
0,0,0,2008-06-14 04:00:00,2,0.0,0.0,0.0,0.0,0.0,0.8225806451612904,3.295368072787428,4.548387096774194,0.0,0.07895919492693687,0.15758960573476702
0,0,0,2008-06-15 04:00:00,3,0.0,0.0,0.0,0.0,0.0,0.8225806451612904,3.295368072787428,4.193548387096774,0.0,0.07895919492693687,0.15758960573476702
0,0,0,2008-06-16 04:00:00,4,0.0,0.0,0.0,0.0,0.0,0.8225806451612904,3.295368072787428,3.838709677419355,0.0,0.07895919492693687,0.15758960573476702
0,0,0,2008-06-17 04:00:00,5,0.0,2.0,0.6,0.8500000000000001,8.5,0.8870967741935484,3.569561621174525,3.4838709677419355,0.0,0.09831403363661428,0.18500896057347668
0,0,0,2008-06-18 04:00:00,0,0.0,0.0,0.0,0.0,0.0,0.8870967741935484,3.569561621174525,2.935483870967742,0.0,0.0983140336366143,0.1850089605734767
0,0,0,2008-06-19 04:00:00,1,0.0,0.0,0.0,0.0,0.0,0.8870967741935484,3.569561621174525,2.3870967741935485,0.0,0.0983140336366143,0.1850089605734767
0,0,0,2008-06-20 04:00:00,2,0.0,0.0,0.0,0.0,0.0,0.8870967741935484,3.569561621174525,1.8387096774193548,0.0,0.0983140336366143,0.1850089605734767
0,0,0,2008-06-21 04:00:00,3,0.0,0.0,0.0,0.0,0.0,0.7903225806451613,3.031927212572374,1.2903225806451613,0.0,0.0979556106975462,0.1767652329749104
0,0,0,2008-06-22 04:00:00,4,0.08,3.6666666666666665,0.0558888888888889,0.12344444444444448,10.36,0.9086021505376344,3.3661207609594705,1.4193548387096775,0.0025806451612903226,0.09975847808105874,0.18074731182795697
0,0,0,2008-06-23 04:00:00,0,0.0,2.0,-0.2,0.425,6.5,0.9731182795698924,3.5757981803143095,1.3870967741935485,0.0025806451612903226,0.09330686517783295,0.19445698924731186
0,0,0,2008-06-24 04:00:00,0,0.0,0.0,0.0,0.0,0.0,0.9731182795698924,3.5757981803143095,1.3225806451612903,0.0025806451612903226,0.09330686517783293,0.19445698924731186
0,0,0,2008-06-25 04:00:00,1,0.0,0.0,0.0,0.0,0.0,0.9408602150537634,3.2854755996691485,1.2580645161290323,0.0025806451612903226,0.08685525227460712,0.18155376344086022
0,0,0,2008-06-26 04:00:00,2,0.0,4.0,-0.0625,0.2,8.75,1.0698924731182795,3.5677336641852775,1.3225806451612903,0.0025806451612903226,0.08483912324234905,0.18800537634408607
0,0,0,2008-06-27 04:00:00,0,0.0,0.0,0.0,0.0,0.0,1.0698924731182795,3.5677336641852775,1.2903225806451613,0.0025806451612903226,0.08483912324234905,0.18800537634408604
0,0,0,2008-06-28 04:00:00,1,0.0,0.0,0.0,0.0,0.0,1.0698924731182795,3.5677336641852775,1.2580645161290323,0.0025806451612903226,0.08483912324234905,0.18800537634408607
0,0,0,2008-06-29 04:00:00,2,0.0,0.0,0.0,0.0,0.0,1.0698924731182795,3.5677336641852775,1.2258064516129032,0.0025806451612903226,0.08483912324234905,0.18800537634408607
0,0,0,2008-06-30 04:00:00,3,0.0,0.0,0.0,0.0,0.0,0.9731182795698924,3.288163771712159,1.1935483870967742,0.0025806451612903226,0.07308285084091536,0.17115949820788534
0,0,0,2008-07-01 04:00:00,4,0.0,0.0,0.0,0.0,0.0,0.9388888888888888,2.8144358974358976,1.3666666666666667,0.0026666666666666666,0.0538522792022792,0.13769814814814818
0,0,0,2008-07-02 04:00:00,5,0.0,0.0,0.0,0.0,0.0,0.9388888888888888,2.8144358974358976,1.5333333333333334,0.0026666666666666666,0.0538522792022792,0.13769814814814818
0,0,0,2008-07-03 04:00:00,6,0.0,0.0,0.0,0.0,0.0,0.8888888888888888,2.6394358974358973,1.7,0.0026666666666666666,0.04151894586894587,0.12103148148148149
0,0,0,2008-07-04 04:00:00,7,0.0,0.0,0.0,0.0,0.0,0.8222222222222222,2.3061025641025643,1.9333333333333333,0.0026666666666666666,0.032352279202279205,0.10603148148148149
0,0,0,2008-07-05 04:00:00,8,0.0,0.0,0.0,0.0,0.0,0.7388888888888888,2.0420000000000003,2.2,0.0026666666666666666,0.028335185185185185,0.09547592592592592
0,0,0,2008-07-06 04:00:00,9,0.0,0.0,0.0,0.0,0.0,0.6722222222222222,1.9020000000000001,2.5,0.0026666666666666666,0.026335185185185184,0.09130925925925926
0,0,0,2008-07-07 04:00:00,10,0.0,0.0,0.0,0.0,0.0,0.6222222222222221,1.6603333333333334,2.8333333333333335,0.0026666666666666666,0.010501851851851852,0.06672592592592592
0,0,0,2008-07-08 04:00:00,11,0.0,4.333333333333333,-0.06333333333333334,0.335,14.066666666666665,0.7666666666666667,2.1292222222222223,3.2,0.0026666666666666666,0.008390740740740742,0.0778925925925926
0,0,0,2008-07-09 04:00:00,0,0.0,0.0,0.0,0.0,0.0,0.7,1.9125555555555556,3.1666666666666665,0.0026666666666666666,0.008390740740740742,0.0778925925925926
0,0,0,2008-07-10 04:00:00,1,0.0,0.0,0.0,0.0,0.0,0.7,1.9125555555555556,3.2,0.0026666666666666666,0.008390740740740742,0.0778925925925926
0,0,0,2008-07-11 04:00:00,2,0.0,0.0,0.0,0.0,0.0,0.5333333333333333,1.6058888888888887,3.2333333333333334,0.0026666666666666666,0.011001851851851851,0.06444814814814816
0,0,0,2008-07-12 04:00:00,3,0.0,0.0,0.0,0.0,0.0,0.5333333333333333,1.6058888888888887,3.3333333333333335,0.0026666666666666666,0.011001851851851851,0.06444814814814816
0,0,0,2008-07-13 04:00:00,4,0.0,2.0,0.06666666666666668,0.2833333333333334,7.5,0.6,1.8558888888888887,3.433333333333333,0.0026666666666666666,0.013224074074074074,0.07389259259259259
0,0,0,2008-07-14 04:00:00,0,0.0,0.0,0.0,0.0,0.0,0.6,1.8558888888888887,3.3666666666666667,0.0026666666666666666,0.013224074074074074,0.07389259259259259
0,0,0,2008-07-15 04:00:00,1,0.0,0.0,0.0,0.0,0.0,0.6,1.8558888888888887,3.3,0.0026666666666666666,0.013224074074074074,0.07389259259259259
0,0,0,2008-07-16 04:00:00,2,0.0,0.0,0.0,0.0,0.0,0.6,1.8558888888888887,3.2333333333333334,0.0026666666666666666,0.013224074074074074,0.07389259259259259
0,0,0,2008-07-17 04:00:00,3,0.0,0.0,0.0,0.0,0.0,0.5333333333333333,1.5725555555555555,3.1666666666666665,0.0026666666666666666,-0.006775925925925925,0.045559259259259265
0,0,0,2008-07-18 04:00:00,4,0.0,0.0,0.0,0.0,0.0,0.5333333333333333,1.5725555555555555,3.3,0.0026666666666666666,-0.006775925925925925,0.045559259259259265
0,0,0,2008-07-19 04:00:00,5,0.0,0.0,0.0,0.0,0.0,0.5333333333333333,1.5725555555555555,3.433333333333333,0.0026666666666666666,-0.006775925925925925,0.045559259259259265
0,0,0,2008-07-20 04:00:00,6,0.0,0.0,0.0,0.0,0.0,0.5333333333333333,1.5725555555555555,3.566666666666667,0.0026666666666666666,-0.006775925925925925,0.045559259259259265
0,0,0,2008-07-21 04:00:00,7,0.0,3.0,0.28444444444444444,0.3333333333333333,7.666666666666668,0.6333333333333333,1.828111111111111,3.7,0.0026666666666666666,0.0027055555555555565,0.05667037037037037
0,0,0,2008-07-22 04:00:00,0,0.0,5.5,-0.059090909090909076,0.3136363636363637,9.909090909090908,0.6944444444444444,1.813080808080808,3.566666666666667,0.0,-0.0011271043771043765,0.06301010101010102
0,0,0,2008-07-23 04:00:00,0,0.0,0.0,0.0,0.0,0.0,0.6277777777777778,1.5964141414141413,3.566666666666667,0.0,0.00553956228956229,0.04884343434343434
0,0,0,2008-07-24 04:00:00,1,0.0,0.0,0.0,0.0,0.0,0.6277777777777778,1.5964141414141413,3.6,0.0,0.00553956228956229,0.04884343434343434
0,0,0,2008-07-25 04:00:00,2,0.0,0.0,0.0,0.0,0.0,0.6277777777777778,1.5964141414141413,3.6333333333333333,0.0,0.005539562289562291,0.04884343434343434
0,0,0,2008-07-26 04:00:00,3,0.0,0.0,0.0,0.0,0.0,0.4944444444444444,1.3047474747474748,3.6666666666666665,0.0,0.007622895622895624,0.04217676767676768
0,0,0,2008-07-27 04:00:00,4,0.0,1.0,0.0,0.0,7.0,0.5277777777777778,1.538080808080808,3.8,0.0,0.007622895622895624,0.04217676767676768
0,0,0,2008-07-28 04:00:00,0,0.0,0.0,0.0,0.0,0.0,0.5277777777777778,1.538080808080808,3.7666666666666666,0.0,0.007622895622895624,0.04217676767676768
0,0,0,2008-07-29 04:00:00,1,0.0,0.0,0.0,0.0,0.0,0.5277777777777778,1.538080808080808,3.7333333333333334,0.0,0.007622895622895625,0.04217676767676768
0,0,0,2008-07-30 04:00:00,2,0.0,0.0,0.0,0.0,0.0,0.5277777777777778,1.538080808080808,3.7,0.0,0.007622895622895624,0.04217676767676768
0,0,0,2008-07-31 04:00:00,3,0.0,0.0,0.0,0.0,0.0,0.510752688172043,1.4884652981427176,3.6774193548387095,0.0,0.007376995764092539,0.04081622678396872
0,0,0,2008-08-01 04:00:00,4,0.0,0.0,0.0,0.0,0.0,0.510752688172043,1.4884652981427176,3.6774193548387095,0.0,0.007376995764092539,0.04081622678396872
0,0,0,2008-08-02 04:00:00,5,0.0,2.0,0.0,0.0,8.5,0.575268817204301,1.7626588465298143,3.6774193548387095,0.0,0.007376995764092539,0.04081622678396872
0,0,0,2008-08-03 04:00:00,0,0.0,3.0,-0.00272727272727272,0.24090909090909085,7.272727272727272,0.6720430107526881,1.9972629521016618,3.4838709677419355,0.0,0.007289019224503096,0.04858748778103617
0,0,0,2008-08-04 04:00:00,0,0.0,2.4,0.09615384615384616,0.3423076923076923,10.384615384615383,0.7494623655913978,2.3322505451537707,3.2580645161290325,0.0,0.010390756197207812,0.05962967140386495
0,0,0,2008-08-05 04:00:00,0,0.0,1.0,0.0,0.0,6.0,0.7817204301075268,2.5257989322505447,3.0,0.0,0.010390756197207812,0.05962967140386495
0,0,0,2008-08-06 04:00:00,0,0.0,0.0,0.0,0.0,0.0,0.7817204301075268,2.5257989322505447,2.7096774193548385,0.0,0.010390756197207812,0.05962967140386495
0,0,0,2008-08-07 04:00:00,1,0.0,0.0,0.0,0.0,0.0,0.7817204301075268,2.5257989322505447,2.4193548387096775,0.0,0.010390756197207808,0.05962967140386495
0,0,0,2008-08-08 04:00:00,2,0.0,0.0,0.0,0.0,0.0,0.6419354838709677,2.07203549139033,2.129032258064516,0.0,0.012433766949895985,0.04882321979096173
0,0,0,2008-08-09 04:00:00,3,0.0,18.0,0.13212962962962965,0.6092592592592593,9.444444444444443,1.2225806451612902,2.3766949895982155,2.225806451612903,0.0,0.01669601306698081,0.06847674428319589
0,0,0,2008-08-10 04:00:00,0,0.0,3.0,-0.12055555555555555,0.3333333333333333,7.333333333333332,1.3193548387096774,2.6132541293831615,2.193548387096774,0.0,0.012807124178091923,0.0792294324552389
0,0,0,2008-08-11 04:00:00,0,0.0,3.333333333333333,0.2927272727272727,0.5022727272727273,8.363636363636363,1.4268817204301076,2.8830488507907863,2.129032258064516,0.0,0.022249939427358784,0.09543177849629463
0,0,0,2008-08-12 04:00:00,0,0.0,1.0,0.1,0.4,9.0,1.4591397849462366,3.173371431435948,2.032258064516129,0.0,0.025475745878971685,0.10833500430274624
0,0,0,2008-08-13 04:00:00,0,0.0,2.0,0.425,0.5,5.75,1.4591397849462366,3.116919818532722,1.903225806451613,0.0,0.037034885663917924,0.11532425161457419
0,0,0,2008-08-14 04:00:00,0,0.0,5.0,0.03,0.4699999999999999,8.0,1.6204301075268817,3.3749843346617543,1.903225806451613,0.0,0.038002627599401796,0.13048554193715484
0,0,0,2008-08-15 04:00:00,0,0.05555555555555555,3.2,0.08657407407407408,0.3017592592592593,15.333333333333336,1.7236559139784946,3.8696079905757323,1.8709677419354838,0.0017921146953405018,0.04079533966630741,0.1402197115906793
0,0,0,2008-08-16 04:00:00,0,0.0,1.0,0.0,0.0,5.0,1.7559139784946238,4.030898313156378,1.8064516129032258,0.0017921146953405018,0.040795339666307405,0.1402197115906793
0,0,0,2008-08-17 04:00:00,0,0.0,0.0,0.0,0.0,0.0,1.7559139784946238,4.030898313156378,1.7096774193548387,0.0017921146953405018,0.04079533966630741,0.1402197115906793
0,0,0,2008-08-18 04:00:00,1,0.0,0.0,0.0,0.0,0.0,1.7559139784946238,4.030898313156378,1.6129032258064515,0.0017921146953405018,0.04079533966630741,0.1402197115906793
0,0,0,2008-08-19 04:00:00,2,0.0,0.0,0.0,0.0,0.0,1.7559139784946236,4.030898313156378,1.5161290322580645,0.0017921146953405018,0.04079533966630741,0.1402197115906793
0,0,0,2008-08-20 04:00:00,3,0.0,0.0,0.0,0.0,0.0,1.7559139784946238,4.030898313156378,1.4193548387096775,0.0017921146953405018,0.040795339666307405,0.1402197115906793
0,0,0,2008-08-21 04:00:00,4,0.0,0.0,0.0,0.0,0.0,1.6591397849462366,3.7835864851993883,1.3225806451612903,0.0017921146953405018,0.03161971242616404,0.1294670234186363
0,0,0,2008-08-22 04:00:00,5,0.0,0.0,0.0,0.0,0.0,1.481720430107527,3.463938391357746,1.4838709677419355,0.0017921146953405018,0.0335258707839353,0.1193497213658504
0,0,0,2008-08-23 04:00:00,6,0.0,0.0,0.0,0.0,0.0,1.4817204301075269,3.463938391357746,1.6774193548387097,0.0017921146953405018,0.0335258707839353,0.1193497213658504
0,0,0,2008-08-24 04:00:00,7,0.0,0.0,0.0,0.0,0.0,1.481720430107527,3.463938391357746,1.8709677419354838,0.0017921146953405018,0.03352587078393529,0.1193497213658504
0,0,0,2008-08-25 04:00:00,8,0.0,0.0,0.0,0.0,0.0,1.481720430107527,3.463938391357746,2.064516129032258,0.0017921146953405018,0.0335258707839353,0.11934972136585038
0,0,0,2008-08-26 04:00:00,9,0.0,0.0,0.0,0.0,0.0,1.481720430107527,3.463938391357746,2.2580645161290325,0.0017921146953405018,0.0335258707839353,0.1193497213658504
0,0,0,2008-08-27 04:00:00,10,0.0,0.0,0.0,0.0,0.0,1.4494623655913978,3.2381319397448425,2.4516129032258065,0.0017921146953405018,0.0335258707839353,0.1193497213658504
0,0,0,2008-08-28 04:00:00,11,0.0,0.0,0.0,0.0,0.0,1.4494623655913978,3.238131939744843,2.806451612903226,0.0017921146953405018,0.0335258707839353,0.1193497213658504
0,0,0,2008-08-29 04:00:00,12,0.0,0.0,0.0,0.0,0.0,1.4494623655913978,3.238131939744843,3.161290322580645,0.0017921146953405018,0.033525870783935305,0.1193497213658504
0,0,0,2008-08-30 04:00:00,13,0.0,0.0,0.0,0.0,0.0,1.4494623655913978,3.238131939744843,3.5161290322580645,0.0017921146953405018,0.0335258707839353,0.1193497213658504
0,0,0,2008-08-31 04:00:00,14,0.0,0.0,0.0,0.0,0.0,1.4494623655913978,3.238131939744843,3.870967741935484,0.0017921146953405018,0.0335258707839353,0.1193497213658504
0,0,0,2008-09-01 04:00:00,15,0.0,0.0,0.0,0.0,0.0,1.4494623655913978,3.238131939744843,4.225806451612903,0.0017921146953405018,0.0335258707839353,0.1193497213658504
0,0,0,2008-09-02 04:00:00,16,0.0,0.0,0.0,0.0,0.0,1.3849462365591396,2.963938391357746,4.580645161290323,0.0017921146953405018,0.033525870783935305,0.1193497213658504
0,0,0,2008-09-03 04:00:00,17,0.0,0.0,0.0,0.0,0.0,1.2881720430107526,2.7293342857858987,5.129032258064516,0.0017921146953405018,0.03361384732352475,0.11157846036878295
0,0,0,2008-09-04 04:00:00,18,0.0,0.0,0.0,0.0,0.0,1.210752688172043,2.3943466927337895,5.709677419354839,0.0017921146953405018,0.03051211035082003,0.10053627674595417
0,0,0,2008-09-05 04:00:00,19,0.0,0.0,0.0,0.0,0.0,1.178494623655914,2.2007983056370155,6.32258064516129,0.0017921146953405018,0.030512110350820024,0.10053627674595417
0,0,0,2008-09-06 04:00:00,20,0.0,0.0,0.0,0.0,0.0,1.178494623655914,2.2007983056370155,6.967741935483871,0.0017921146953405018,0.03051211035082003,0.10053627674595417
0,0,0,2008-09-07 04:00:00,21,0.0,0.0,0.0,0.0,0.0,1.178494623655914,2.2007983056370155,7.612903225806452,0.0017921146953405018,0.03051211035082003,0.10053627674595417
0,0,0,2008-09-08 04:00:00,22,0.0,0.0,0.0,0.0,0.0,1.178494623655914,2.2007983056370155,8.258064516129032,0.0017921146953405018,0.03051211035082003,0.10053627674595417
0,0,0,2008-09-09 04:00:00,23,0.0,0.0,0.0,0.0,0.0,0.5978494623655913,1.89613880742913,8.903225806451612,0.0017921146953405018,0.026249864233735203,0.08088275225372
0,0,0,2008-09-10 04:00:00,24,0.0,0.0,0.0,0.0,0.0,0.5010752688172042,1.6595796676441839,9.67741935483871,0.0017921146953405018,0.03013875312262409,0.07013006408167699
0,0,0,2008-09-11 04:00:00,25,0.0,0.0,0.0,0.0,0.0,0.39354838709677414,1.3897849462365592,10.483870967741936,0.0017921146953405018,0.020695937873357228,0.05392771804062126
0,0,0,2008-09-12 04:00:00,26,0.0,0.0,0.0,0.0,0.0,0.36129032258064514,1.099462365591398,11.32258064516129,0.0017921146953405018,0.017470131421744327,0.04102449223416965
0,0,0,2008-09-13 04:00:00,27,0.0,0.0,0.0,0.0,0.0,0.2967741935483871,0.913978494623656,12.193548387096774,0.0017921146953405018,0.0037604540023894865,0.024895459976105136
0,0,0,2008-09-14 04:00:00,28,0.0,0.0,0.0,0.0,0.0,0.13548387096774195,0.6559139784946237,13.096774193548388,0.0017921146953405018,0.0027927120669056153,0.009734169653524492
0,0,0,2008-09-15 04:00:00,29,0.0,0.0,0.0,0.0,0.0,0.03225806451612903,0.16129032258064516,14.03225806451613,0.0,0.0,0.0
0,0,0,2008-09-16 04:00:00,30,0.0,0.0,0.0,0.0,0.0,0.0,0.0,15.0,0.0,0.0,0.0
0,0,0,2008-09-17 04:00:00,31,0.0,0.0,0.0,0.0,0.0,0.0,0.0,16.0,0.0,0.0,0.0
0,0,0,2008-09-18 04:00:00,32,0.0,2.0,-0.21499999999999994,0.95,9.0,0.06451612903225806,0.2903225806451613,17.0,0.0,-0.00693548387096774,0.03064516129032258
0,0,0,2008-09-19 04:00:00,0,0.0,0.0,0.0,0.0,0.0,0.06451612903225806,0.2903225806451613,16.93548387096774,0.0,-0.00693548387096774,0.03064516129032258
0,0,0,2008-09-20 04:00:00,1,0.0,0.0,0.0,0.0,0.0,0.06451612903225806,0.2903225806451613,16.870967741935484,0.0,-0.00693548387096774,0.03064516129032258
0,0,0,2008-09-21 04:00:00,2,0.0,0.0,0.0,0.0,0.0,0.06451612903225806,0.2903225806451613,16.806451612903224,0.0,-0.00693548387096774,0.03064516129032258
0,0,0,2008-09-22 04:00:00,3,0.0,0.0,0.0,0.0,0.0,0.06451612903225806,0.2903225806451613,16.741935483870968,0.0,-0.00693548387096774,0.03064516129032258
0,0,0,2008-09-23 04:00:00,4,0.0,0.0,0.0,0.0,0.0,0.06451612903225806,0.2903225806451613,16.677419354838708,0.0,-0.00693548387096774,0.03064516129032258
0,0,0,2008-09-24 04:00:00,5,0.0,1.0,0.0,0.0,5.0,0.0967741935483871,0.45161290322580644,16.612903225806452,0.0,-0.00693548387096774,0.03064516129032258
0,0,0,2008-09-25 04:00:00,0,0.0,0.0,0.0,0.0,0.0,0.0967741935483871,0.45161290322580644,16.35483870967742,0.0,-0.00693548387096774,0.03064516129032258
0,0,0,2008-09-26 04:00:00,1,0.0,0.0,0.0,0.0,0.0,0.0967741935483871,0.45161290322580644,16.096774193548388,0.0,-0.00693548387096774,0.03064516129032258
0,0,0,2008-09-27 04:00:00,2,0.0,0.0,0.0,0.0,0.0,0.0967741935483871,0.45161290322580644,15.838709677419354,0.0,-0.00693548387096774,0.03064516129032258
0,0,0,2008-09-28 04:00:00,3,0.0,0.0,0.0,0.0,0.0,0.0967741935483871,0.45161290322580644,15.580645161290322,0.0,-0.00693548387096774,0.03064516129032258
0,0,0,2008-09-29 04:00:00,4,0.0,2.0,0.275,0.45,12.0,0.16129032258064516,0.8387096774193549,15.32258064516129,0.0,0.0019354838709677445,0.04516129032258064
0,0,0,2008-09-30 04:00:00,0,0.0,0.0,0.0,0.0,0.0,0.16129032258064516,0.8387096774193549,14.903225806451612,0.0,0.0019354838709677445,0.04516129032258064
0,0,0,2008-10-01 04:00:00,1,0.0,0.0,0.0,0.0,0.0,0.16666666666666666,0.8666666666666667,14.466666666666667,0.0,0.0020000000000000026,0.04666666666666666
0,0,0,2008-10-02 04:00:00,2,0.0,0.0,0.0,0.0,0.0,0.16666666666666666,0.8666666666666667,14.0,0.0,0.0020000000000000026,0.04666666666666666
0,0,0,2008-10-03 04:00:00,3,0.0,0.0,0.0,0.0,0.0,0.16666666666666666,0.8666666666666667,13.533333333333333,0.0,0.0020000000000000026,0.04666666666666666
0,0,0,2008-10-04 04:00:00,4,0.0,3.0,0.008333333333333337,0.17500000000000002,7.333333333333332,0.26666666666666666,1.111111111111111,13.066666666666666,0.0,0.0022777777777777805,0.0525
0,0,0,2008-10-05 04:00:00,0,0.0,4.0,-0.025,0.375,12.0,0.4,1.5111111111111108,12.433333333333334,0.0,0.0014444444444444472,0.065
0,0,0,2008-10-06 04:00:00,0,0.0,4.0,-0.025,0.2,11.25,0.5333333333333333,1.8861111111111108,11.766666666666667,0.0,0.0006111111111111141,0.07166666666666667
0,0,0,2008-10-07 04:00:00,0,0.0,0.0,0.0,0.0,0.0,0.5333333333333333,1.8861111111111108,11.066666666666666,0.0,0.0006111111111111132,0.07166666666666667
0,0,0,2008-10-08 04:00:00,1,0.0,1.0,0.0,0.0,5.0,0.5666666666666667,2.0527777777777776,10.366666666666667,0.0,0.0006111111111111141,0.07166666666666667
0,0,0,2008-10-09 04:00:00,0,0.0,0.0,0.0,0.0,0.0,0.5666666666666667,2.0527777777777776,9.6,0.0,0.0006111111111111132,0.07166666666666667
0,0,0,2008-10-10 04:00:00,1,0.0,0.0,0.0,0.0,0.0,0.5666666666666667,2.0527777777777776,8.833333333333334,0.0,0.0006111111111111141,0.07166666666666667
0,0,0,2008-10-11 04:00:00,2,0.0,0.0,0.0,0.0,0.0,0.5666666666666667,2.0527777777777776,8.066666666666666,0.0,0.0006111111111111132,0.07166666666666667
0,0,0,2008-10-12 04:00:00,3,0.0,0.0,0.0,0.0,0.0,0.5666666666666667,2.0527777777777776,7.3,0.0,0.0006111111111111141,0.07166666666666667
0,0,0,2008-10-13 04:00:00,4,0.0,0.0,0.0,0.0,0.0,0.5666666666666667,2.0527777777777776,6.533333333333333,0.0,0.0006111111111111132,0.07166666666666668
0,0,0,2008-10-14 04:00:00,5,0.0,0.0,0.0,0.0,0.0,0.5666666666666667,2.0527777777777776,5.766666666666667,0.0,0.0006111111111111141,0.07166666666666667
0,0,0,2008-10-15 04:00:00,6,0.0,3.5,0.3686309523809524,0.6386904761904763,11.285714285714285,0.6833333333333333,2.428968253968254,5.0,0.0,0.012898809523809526,0.09295634920634921
0,0,0,2008-10-16 04:00:00,0,0.0,3.0,-0.043333333333333335,0.5962962962962962,14.0,0.7833333333333333,2.89563492063492,4.0,0.0,0.011454365079365082,0.11283289241622577
0,0,0,2008-10-17 04:00:00,0,0.0,0.0,0.0,0.0,0.0,0.7833333333333333,2.8956349206349206,2.966666666666667,0.0,0.011454365079365085,0.11283289241622577
0,0,0,2008-10-18 04:00:00,1,0.0,0.0,0.0,0.0,0.0,0.7166666666666667,2.5956349206349207,1.9333333333333333,0.0,0.01862103174603175,0.08116622574955909
0,0,0,2008-10-19 04:00:00,2,0.0,2.75,0.09142857142857144,0.2826190476190476,10.785714285714288,0.8083333333333333,2.9551587301587303,2.0,0.0,0.021668650793650792,0.09058686067019402
0,0,0,2008-10-20 04:00:00,0,0.0,3.0,0.0,0.0,17.666666666666668,0.9083333333333333,3.544047619047619,1.9666666666666666,0.0,0.0216686507936508,0.09058686067019402
0,0,0,2008-10-21 04:00:00,0,0.0,5.0,-0.2033333333333333,0.4733333333333333,16.4,1.075,4.090714285714285,1.9,0.0,0.014890873015873019,0.10636463844797177
0,0,0,2008-10-22 04:00:00,0,0.0,0.0,0.0,0.0,0.0,1.075,4.090714285714285,1.8,0.0,0.01489087301587302,0.10636463844797178
0,0,0,2008-10-23 04:00:00,1,0.07692307692307693,4.333333333333333,-0.07692307692307693,0.2256410256410257,11.538461538461537,1.2194444444444443,4.475329670329671,1.7,0.002564102564102564,0.012326770451770452,0.11388600596933932
0,0,0,2008-10-24 04:00:00,0,0.0,0.0,0.0,0.0,0.0,1.186111111111111,4.308663003663004,1.5333333333333334,0.002564102564102564,0.012326770451770453,0.11388600596933932
0,0,0,2008-10-25 04:00:00,1,0.0,0.0,0.0,0.0,0.0,1.186111111111111,4.308663003663003,1.5666666666666667,0.002564102564102564,0.012326770451770452,0.11388600596933932
0,0,0,2008-10-26 04:00:00,2,0.0,0.0,0.0,0.0,0.0,1.186111111111111,4.308663003663003,1.6,0.002564102564102564,0.012326770451770453,0.11388600596933932
0,0,0,2008-10-27 04:00:00,3,0.0,2.75,0.025000000000000005,0.1660714285714286,9.5,1.2777777777777777,4.625329670329672,1.6333333333333333,0.002564102564102564,0.013160103785103787,0.1194217202550536
0,0,0,2008-10-28 04:00:00,0,0.19230769230769232,2.75,0.03791666666666667,0.3350320512820513,7.653846153846153,1.3694444444444442,4.880457875457876,1.5333333333333334,0.008974358974358975,0.014423992673992676,0.13058945529778862
0,0,0,2008-10-29 04:00:00,0,0.0,0.0,0.0,0.0,0.0,1.3027777777777776,4.480457875457875,1.4,0.008974358974358975,0.0052573260073260075,0.11558945529778862
0,0,0,2008-10-30 04:00:00,1,0.0,0.0,0.0,0.0,0.0,1.3027777777777776,4.480457875457875,1.4333333333333333,0.008974358974358975,0.005257326007326009,0.11558945529778862
0,0,0,2008-10-31 04:00:00,2,0.0,0.0,0.0,0.0,0.0,1.2607526881720428,4.335926976249557,1.4516129032258065,0.008684863523573203,0.005087734845799363,0.11186076319140836
0,0,0,2008-11-01 04:00:00,3,0.0,1.5,0.2111111111111111,0.5555555555555555,11.666666666666664,1.3091397849462365,4.712271062271062,1.5161290322580645,0.008684863523573203,0.01189777068809327,0.12978191014481336
0,0,0,2008-11-02 04:00:00,0,0.0,2.0,0.0,0.0,4.5,1.3736559139784945,4.8574323525936425,1.4516129032258065,0.008684863523573203,0.01189777068809327,0.12978191014481336
0,0,0,2008-11-03 04:00:00,0,0.0,0.0,0.0,0.0,0.0,1.3736559139784945,4.8574323525936425,1.3548387096774193,0.008684863523573203,0.01189777068809327,0.12978191014481336
0,0,0,2008-11-04 04:00:00,1,0.0,4.0,-0.0125,0.05,12.0,1.4059139784946235,5.007969987002245,1.2580645161290323,0.008684863523573203,0.01122572767734058,0.12574965208029726
0,0,0,2008-11-05 04:00:00,0,0.0,0.0,0.0,0.0,0.0,1.2768817204301073,4.6208732128086965,1.2580645161290323,0.008684863523573203,0.012032179290243809,0.11365287788674884
0,0,0,2008-11-06 04:00:00,1,0.0,2.0,0.275,0.475,15.0,1.2123655913978493,4.74184095474418,1.2903225806451613,0.008684863523573203,0.02170959864508252,0.12252384562868433
0,0,0,2008-11-07 04:00:00,0,0.0,0.0,0.0,0.0,0.0,1.2123655913978493,4.74184095474418,1.2903225806451613,0.008684863523573203,0.02170959864508252,0.12252384562868433
0,0,0,2008-11-08 04:00:00,1,0.0,0.0,0.0,0.0,0.0,1.1801075268817203,4.5805506321635345,1.2903225806451613,0.008684863523573203,0.021709598645082515,0.12252384562868433
0,0,0,2008-11-09 04:00:00,2,0.0,0.0,0.0,0.0,0.0,1.1801075268817203,4.5805506321635345,1.3548387096774193,0.008684863523573203,0.021709598645082515,0.12252384562868433
0,0,0,2008-11-10 04:00:00,3,0.0,4.5,0.005333333333333334,0.2375,10.3,1.325268817204301,4.912808696679664,1.4193548387096775,0.008684863523573203,0.021881641655835206,0.130185135951265
0,0,0,2008-11-11 04:00:00,0,0.0,1.0,0.7,1.0,9.0,1.35752688172043,5.203131277324825,1.3548387096774193,0.008684863523573203,0.04446228681712553,0.16244320046739402
0,0,0,2008-11-12 04:00:00,0,0.0,0.0,0.0,0.0,0.0,1.35752688172043,5.203131277324825,1.2580645161290323,0.008684863523573203,0.04446228681712553,0.16244320046739402
0,0,0,2008-11-13 04:00:00,1,0.0,0.0,0.0,0.0,0.0,1.35752688172043,5.203131277324825,1.1612903225806452,0.008684863523573203,0.04446228681712553,0.16244320046739402
0,0,0,2008-11-14 04:00:00,2,0.0,0.0,0.0,0.0,0.0,1.35752688172043,5.203131277324825,1.064516129032258,0.008684863523573203,0.04446228681712553,0.162443200467394
0,0,0,2008-11-15 04:00:00,3,0.0,0.0,0.0,0.0,0.0,1.2446236559139783,4.839075977785655,0.967741935483871,0.008684863523573203,0.03257096577257866,0.14184028188060446
0,0,0,2008-11-16 04:00:00,4,0.0,0.0,0.0,0.0,0.0,1.1478494623655913,4.387463074559849,1.096774193548387,0.008684863523573203,0.033968815234944265,0.12260491748394972
0,0,0,2008-11-17 04:00:00,5,0.0,0.0,0.0,0.0,0.0,1.1478494623655913,4.387463074559849,1.2580645161290323,0.008684863523573203,0.033968815234944265,0.12260491748394975
0,0,0,2008-11-18 04:00:00,6,0.0,0.0,0.0,0.0,0.0,1.1478494623655913,4.387463074559849,1.4193548387096775,0.008684863523573203,0.033968815234944265,0.12260491748394972
0,0,0,2008-11-19 04:00:00,7,0.0,2.0,0.0,0.0,7.5,1.1236559139784945,4.28147229114971,1.5806451612903225,0.008684863523573203,0.0310195064791839,0.11348817401236756
0,0,0,2008-11-20 04:00:00,0,0.0,0.0,0.0,0.0,0.0,1.0268817204301075,3.7115798180314306,1.5806451612903225,0.008684863523573203,0.0310195064791839,0.11348817401236756
0,0,0,2008-11-21 04:00:00,1,0.0,2.0,-0.12916666666666665,0.2833333333333333,10.0,0.9301075268817204,3.505128205128205,1.6129032258064515,0.008684863523573203,0.03341197959746346,0.10735914175430306
0,0,0,2008-11-22 04:00:00,0,0.0,0.0,0.0,0.0,0.0,0.9301075268817204,3.505128205128205,1.6129032258064515,0.008684863523573203,0.03341197959746347,0.10735914175430306
0,0,0,2008-11-23 04:00:00,1,0.0,0.0,0.0,0.0,0.0,0.7903225806451613,3.1329197684036396,1.6129032258064515,0.00620347394540943,0.03589336917562723,0.10008039899168931
0,0,0,2008-11-24 04:00:00,2,0.0,0.0,0.0,0.0,0.0,0.7903225806451613,3.1329197684036396,1.6774193548387097,0.00620347394540943,0.035893369175627236,0.10008039899168931
0,0,0,2008-11-25 04:00:00,3,0.0,0.0,0.0,0.0,0.0,0.7903225806451613,3.1329197684036396,1.7419354838709677,0.00620347394540943,0.03589336917562723,0.10008039899168931
0,0,0,2008-11-26 04:00:00,4,0.0,0.0,0.0,0.0,0.0,0.7903225806451613,3.1329197684036396,1.8064516129032258,0.00620347394540943,0.03589336917562723,0.10008039899168931
0,0,0,2008-11-27 04:00:00,5,0.0,0.0,0.0,0.0,0.0,0.7016129032258065,2.8264681555004136,1.8709677419354838,0.00620347394540943,0.03508691756272401,0.09472325613454646
0,0,0,2008-11-28 04:00:00,6,0.0,0.0,0.0,0.0,0.0,0.6129032258064516,2.5795698924731183,2.064516129032258,0.0,0.03386379928315412,0.083915770609319
0,0,0,2008-11-29 04:00:00,7,0.0,0.0,0.0,0.0,0.0,0.6129032258064516,2.5795698924731183,2.2903225806451615,0.0,0.03386379928315412,0.083915770609319
0,0,0,2008-11-30 04:00:00,8,0.0,0.0,0.0,0.0,0.0,0.6129032258064516,2.5795698924731183,2.5161290322580645,0.0,0.03386379928315412,0.08391577060931897
0,0,0,2008-12-01 04:00:00,9,0.0,0.0,0.0,0.0,0.0,0.5833333333333334,2.2766666666666664,2.7333333333333334,0.0,0.027955555555555556,0.06819444444444445
0,0,0,2008-12-02 04:00:00,10,0.0,0.0,0.0,0.0,0.0,0.5166666666666667,2.1266666666666665,3.066666666666667,0.0,0.027955555555555556,0.06819444444444445
0,0,0,2008-12-03 04:00:00,11,0.0,0.0,0.0,0.0,0.0,0.5166666666666667,2.1266666666666665,3.433333333333333,0.0,0.027955555555555556,0.06819444444444445
0,0,0,2008-12-04 04:00:00,12,0.0,0.0,0.0,0.0,0.0,0.38333333333333336,1.7266666666666666,3.8,0.0,0.028372222222222222,0.06652777777777777
0,0,0,2008-12-05 04:00:00,13,0.0,0.0,0.0,0.0,0.0,0.38333333333333336,1.7266666666666666,4.233333333333333,0.0,0.028372222222222222,0.06652777777777777
0,0,0,2008-12-06 04:00:00,14,0.0,5.0,0.03333333333333333,0.3075757575757576,8.090909090909092,0.48333333333333334,1.4963636363636363,4.666666666666667,0.0,0.020316666666666663,0.060946969696969694
0,0,0,2008-12-07 04:00:00,0,0.0,1.0,0.0,0.0,4.0,0.5166666666666667,1.6296969696969696,4.666666666666667,0.0,0.020316666666666663,0.060946969696969694
0,0,0,2008-12-08 04:00:00,0,0.0,1.0,0.2333333333333333,0.3333333333333333,3.0,0.55,1.7296969696969697,4.633333333333334,0.0,0.02809444444444444,0.07205808080808081
0,0,0,2008-12-09 04:00:00,0,0.0,0.0,0.0,0.0,0.0,0.55,1.7296969696969697,4.566666666666666,0.0,0.02809444444444444,0.07205808080808081
0,0,0,2008-12-10 04:00:00,1,0.0,1.0,0.7,1.0,5.0,0.43333333333333335,1.5530303030303032,4.5,0.0,0.05125,0.09747474747474748
0,0,0,2008-12-11 04:00:00,0,0.0,1.0,0.0,0.0,1.0,0.43333333333333335,1.2863636363636364,4.5,0.0,0.027916666666666663,0.06414141414141414
0,0,0,2008-12-12 04:00:00,0,0.0,0.0,0.0,0.0,0.0,0.43333333333333335,1.2863636363636364,4.5,0.0,0.027916666666666663,0.06414141414141414
0,0,0,2008-12-13 04:00:00,1,0.0,0.0,0.0,0.0,0.0,0.43333333333333335,1.2863636363636364,4.5,0.0,0.027916666666666663,0.06414141414141414
0,0,0,2008-12-14 04:00:00,2,0.0,0.0,0.0,0.0,0.0,0.43333333333333335,1.2863636363636364,4.5,0.0,0.027916666666666663,0.06414141414141414
0,0,0,2008-12-15 04:00:00,3,0.0,0.0,0.0,0.0,0.0,0.43333333333333335,1.2863636363636364,4.5,0.0,0.027916666666666663,0.06414141414141414
0,0,0,2008-12-16 04:00:00,4,0.0,0.0,0.0,0.0,0.0,0.43333333333333335,1.2863636363636364,4.5,0.0,0.027916666666666663,0.06414141414141414
0,0,0,2008-12-17 04:00:00,5,0.0,0.0,0.0,0.0,0.0,0.43333333333333335,1.2863636363636364,4.5,0.0,0.027916666666666663,0.06414141414141414
0,0,0,2008-12-18 04:00:00,6,0.0,5.5,0.04861111111111111,0.25,11.0,0.6166666666666667,1.653030303030303,4.5,0.0,0.029537037037037035,0.07247474747474748
0,0,0,2008-12-19 04:00:00,0,0.0,0.0,0.0,0.0,0.0,0.55,1.403030303030303,4.266666666666667,0.0,0.029537037037037035,0.07247474747474748
0,0,0,2008-12-20 04:00:00,1,0.0,0.0,0.0,0.0,0.0,0.55,1.403030303030303,4.3,0.0,0.029537037037037035,0.07247474747474748
0,0,0,2008-12-21 04:00:00,2,0.0,2.5,0.1847222222222222,0.6305555555555556,10.833333333333336,0.5666666666666667,1.430808080808081,4.333333333333333,0.0,0.04,0.08404882154882154
0,0,0,2008-12-22 04:00:00,0,0.0,0.0,0.0,0.0,0.0,0.5666666666666667,1.430808080808081,4.333333333333333,0.0,0.04,0.08404882154882155
0,0,0,2008-12-23 04:00:00,1,0.0,0.0,0.0,0.0,0.0,0.5666666666666667,1.430808080808081,4.333333333333333,0.0,0.04,0.08404882154882155
0,0,0,2008-12-24 04:00:00,2,0.0,0.0,0.0,0.0,0.0,0.5666666666666667,1.430808080808081,4.333333333333333,0.0,0.04,0.08404882154882155
0,0,0,2008-12-25 04:00:00,3,0.0,0.0,0.0,0.0,0.0,0.5666666666666667,1.430808080808081,4.333333333333333,0.0,0.04,0.08404882154882154
0,0,0,2008-12-26 04:00:00,4,0.0,0.0,0.0,0.0,0.0,0.5666666666666667,1.430808080808081,4.333333333333333,0.0,0.04,0.08404882154882155
0,0,0,2008-12-27 04:00:00,5,0.0,0.0,0.0,0.0,0.0,0.5666666666666667,1.430808080808081,4.333333333333333,0.0,0.04,0.08404882154882155
0,0,0,2008-12-28 04:00:00,6,0.0,3.0,0.23285714285714285,0.44285714285714295,8.0,0.6666666666666666,1.6974747474747476,4.333333333333333,0.0,0.04776190476190476,0.09881072631072632
0,0,0,2008-12-29 04:00:00,0,0.0,2.0,0.2,0.43333333333333335,10.125,0.7333333333333333,2.0349747474747475,4.1,0.0,0.05442857142857142,0.11325517075517076
0,0,0,2008-12-30 04:00:00,0,0.0,0.0,0.0,0.0,0.0,0.7333333333333333,2.0349747474747475,3.8333333333333335,0.0,0.05442857142857142,0.11325517075517076
0,0,0,2008-12-31 04:00:00,1,0.0,0.0,0.0,0.0,0.0,0.7096774193548387,1.9693304007820138,3.7419354838709675,0.0,0.05267281105990783,0.10960177815016525
0,0,0,2009-01-01 04:00:00,2,0.0,0.0,0.0,0.0,0.0,0.7096774193548387,1.9693304007820138,3.5161290322580645,0.0,0.052672811059907836,0.10960177815016527
0,0,0,2009-01-02 04:00:00,3,0.0,0.0,0.0,0.0,0.0,0.7096774193548387,1.9693304007820138,3.2903225806451615,0.0,0.052672811059907836,0.10960177815016527
0,0,0,2009-01-03 04:00:00,4,0.0,0.0,0.0,0.0,0.0,0.7096774193548387,1.9693304007820138,3.064516129032258,0.0,0.052672811059907836,0.10960177815016527
0,0,0,2009-01-04 04:00:00,5,0.0,0.0,0.0,0.0,0.0,0.7096774193548387,1.9693304007820138,2.838709677419355,0.0,0.052672811059907836,0.10960177815016527
0,0,0,2009-01-05 04:00:00,6,0.0,0.0,0.0,0.0,0.0,0.7096774193548387,1.9693304007820138,2.6129032258064515,0.0,0.052672811059907836,0.10960177815016527
0,0,0,2009-01-06 04:00:00,7,0.0,0.0,0.0,0.0,0.0,0.5483870967741935,1.7083333333333335,2.3870967741935485,0.0,0.051597542242703534,0.09967997951868922
0,0,0,2009-01-07 04:00:00,8,0.0,0.0,0.0,0.0,0.0,0.5161290322580645,1.5793010752688172,2.6451612903225805,0.0,0.051597542242703534,0.09967997951868922
0,0,0,2009-01-08 04:00:00,9,0.0,0.0,0.0,0.0,0.0,0.4838709677419355,1.4825268817204302,2.935483870967742,0.0,0.044070660522273424,0.0889272913466462
0,0,1,2009-01-09 04:00:00,10,0.0,0.0,0.0,0.0,0.0,0.4838709677419355,1.4825268817204302,3.2580645161290325,0.0,0.044070660522273424,0.0889272913466462
0,0,1,2009-01-10 04:00:00,11,0.0,0.0,0.0,0.0,0.0,0.45161290322580644,1.321236559139785,3.5806451612903225,0.0,0.021490015360983102,0.056669226830517165
0,0,1,2009-01-11 04:00:00,12,0.0,0.0,0.0,0.0,0.0,0.41935483870967744,1.288978494623656,3.967741935483871,0.0,0.021490015360983102,0.056669226830517165
0,0,1,2009-01-12 04:00:00,13,0.0,0.0,0.0,0.0,0.0,0.41935483870967744,1.288978494623656,4.387096774193548,0.0,0.021490015360983102,0.056669226830517165
0,0,1,2009-01-13 04:00:00,14,0.0,0.0,0.0,0.0,0.0,0.41935483870967744,1.288978494623656,4.806451612903226,0.0,0.021490015360983102,0.056669226830517165
0,0,1,2009-01-14 04:00:00,15,0.0,0.0,0.0,0.0,0.0,0.41935483870967744,1.288978494623656,5.225806451612903,0.0,0.021490015360983102,0.05666922683051716
0,0,1,2009-01-15 04:00:00,16,0.0,0.0,0.0,0.0,0.0,0.41935483870967744,1.288978494623656,5.645161290322581,0.0,0.021490015360983102,0.05666922683051716
0,0,1,2009-01-16 04:00:00,17,0.0,0.0,0.0,0.0,0.0,0.41935483870967744,1.288978494623656,6.064516129032258,0.0,0.021490015360983102,0.05666922683051716
0,0,1,2009-01-17 04:00:00,18,0.0,2.0,0.1,0.4,12.5,0.4838709677419355,1.692204301075269,6.483870967741935,0.0,0.02471582181259601,0.06957245263696878
0,0,1,2009-01-18 04:00:00,0,0.0,1.0,0.0,0.0,9.0,0.3387096774193548,1.6276881720430108,6.290322580645161,0.0,0.023147721454173067,0.06150793650793652
0,0,1,2009-01-19 04:00:00,0,0.0,0.0,0.0,0.0,0.0,0.3387096774193548,1.6276881720430108,6.290322580645161,0.0,0.023147721454173067,0.06150793650793652
0,0,1,2009-01-20 04:00:00,1,0.0,0.0,0.0,0.0,0.0,0.3387096774193548,1.6276881720430108,6.290322580645161,0.0,0.023147721454173067,0.06150793650793652
0,0,1,2009-01-21 04:00:00,2,0.0,0.0,0.0,0.0,0.0,0.25806451612903225,1.278225806451613,6.290322580645161,0.0,0.0171889400921659,0.041167434715821814
0,0,1,2009-01-22 04:00:00,3,0.0,0.0,0.0,0.0,0.0,0.25806451612903225,1.278225806451613,6.387096774193548,0.0,0.0171889400921659,0.041167434715821814
0,0,1,2009-01-23 04:00:00,4,0.0,0.0,0.0,0.0,0.0,0.25806451612903225,1.278225806451613,6.483870967741935,0.0,0.0171889400921659,0.041167434715821814
0,0,1,2009-01-24 04:00:00,5,0.0,0.0,0.0,0.0,0.0,0.25806451612903225,1.278225806451613,6.580645161290323,0.0,0.0171889400921659,0.041167434715821814
0,0,1,2009-01-25 04:00:00,6,0.0,0.0,0.0,0.0,0.0,0.25806451612903225,1.278225806451613,6.67741935483871,0.0,0.0171889400921659,0.041167434715821814
0,0,1,2009-01-26 04:00:00,7,0.0,0.0,0.0,0.0,0.0,0.25806451612903225,1.278225806451613,6.774193548387097,0.0,0.0171889400921659,0.041167434715821814
0,0,1,2009-01-27 04:00:00,8,0.0,0.0,0.0,0.0,0.0,0.25806451612903225,1.278225806451613,6.870967741935484,0.0,0.0171889400921659,0.041167434715821814
0,0,1,2009-01-28 04:00:00,9,0.0,0.0,0.0,0.0,0.0,0.16129032258064516,1.0201612903225807,6.967741935483871,0.0,0.009677419354838712,0.026881720430107527
0,0,1,2009-01-29 04:00:00,10,0.0,0.0,0.0,0.0,0.0,0.0967741935483871,0.6935483870967742,7.290322580645161,0.0,0.0032258064516129032,0.012903225806451613
0,0,1,2009-01-30 04:00:00,11,0.0,0.0,0.0,0.0,0.0,0.0967741935483871,0.6935483870967742,7.645161290322581,0.0,0.0032258064516129032,0.012903225806451613
0,0,1,2009-01-31 04:00:00,12,0.0,4.0,0.11250000000000004,0.7,12.0,0.22580645161290322,1.0806451612903225,8.0,0.0,0.006854838709677421,0.035483870967741936
0,0,1,2009-02-01 04:00:00,0,0.0,0.0,0.0,0.0,0.0,0.22580645161290322,1.0806451612903225,7.935483870967742,0.0,0.006854838709677421,0.035483870967741936
0,0,1,2009-02-02 04:00:00,1,0.0,0.0,0.0,0.0,0.0,0.22580645161290322,1.0806451612903225,7.870967741935484,0.0,0.006854838709677421,0.035483870967741936
0,0,1,2009-02-03 04:00:00,2,0.0,0.0,0.0,0.0,0.0,0.22580645161290322,1.0806451612903225,7.806451612903226,0.0,0.006854838709677421,0.035483870967741936
0,0,1,2009-02-04 04:00:00,3,0.0,2.5,0.06666666666666665,0.3625,8.0,0.3064516129032258,1.3387096774193548,7.741935483870968,0.0,0.009005376344086023,0.047177419354838705
0,0,1,2009-02-05 04:00:00,0,0.0,0.0,0.0,0.0,0.0,0.3064516129032258,1.3387096774193548,7.548387096774194,0.0,0.009005376344086023,0.047177419354838705
0,0,1,2009-02-06 04:00:00,1,0.0,0.0,0.0,0.0,0.0,0.3064516129032258,1.3387096774193548,7.354838709677419,0.0,0.009005376344086023,0.04717741935483871
0,0,1,2009-02-07 04:00:00,2,0.0,0.0,0.0,0.0,0.0,0.3064516129032258,1.3387096774193548,7.161290322580645,0.0,0.009005376344086023,0.04717741935483871
0,0,1,2009-02-08 04:00:00,3,0.0,0.0,0.0,0.0,0.0,0.3064516129032258,1.3387096774193548,6.967741935483871,0.0,0.009005376344086023,0.047177419354838705
0,1,1,2009-02-09 04:00:00,4,0.0,0.0,0.0,0.0,0.0,0.3064516129032258,1.3387096774193548,6.774193548387097,0.0,0.009005376344086023,0.047177419354838705
0,1,1,2009-02-10 04:00:00,5,0.0,0.0,0.0,0.0,0.0,0.3064516129032258,1.3387096774193548,6.580645161290323,0.0,0.009005376344086023,0.047177419354838705
0,1,1,2009-02-11 04:00:00,6,0.0,0.0,0.0,0.0,0.0,0.3064516129032258,1.3387096774193548,6.387096774193548,0.0,0.009005376344086023,0.047177419354838705
0,1,1,2009-02-12 04:00:00,7,0.0,2.0,0.0,0.1,11.5,0.3709677419354839,1.7096774193548387,6.193548387096774,0.0,0.009005376344086023,0.05040322580645161
0,1,1,2009-02-13 04:00:00,0,0.0,2.0,0.18333333333333326,0.3416666666666667,16.0,0.43548387096774194,2.225806451612903,5.741935483870968,0.0,0.014919354838709674,0.061424731182795705
0,1,1,2009-02-14 04:00:00,0,0.0,0.0,0.0,0.0,0.0,0.43548387096774194,2.225806451612903,5.258064516129032,0.0,0.014919354838709674,0.061424731182795705
0,1,1,2009-02-15 04:00:00,1,0.0,0.0,0.0,0.0,0.0,0.43548387096774194,2.225806451612903,4.774193548387097,0.0,0.014919354838709674,0.061424731182795705
0,1,1,2009-02-16 04:00:00,2,0.0,0.0,0.0,0.0,0.0,0.43548387096774194,2.225806451612903,4.290322580645161,0.0,0.014919354838709674,0.06142473118279569
0,1,1,2009-02-17 04:00:00,3,0.0,0.0,0.0,0.0,0.0,0.3709677419354839,1.8225806451612903,3.806451612903226,0.0,0.011693548387096773,0.04852150537634409
0,1,1,2009-02-18 04:00:00,4,0.0,0.0,0.0,0.0,0.0,0.3387096774193548,1.532258064516129,3.935483870967742,0.0,0.011693548387096773,0.04852150537634409
0,1,1,2009-02-19 04:00:00,5,0.0,0.0,0.0,0.0,0.0,0.3387096774193548,1.532258064516129,4.096774193548387,0.0,0.011693548387096773,0.04852150537634409
0,1,1,2009-02-20 04:00:00,6,0.0,4.0,0.0071296296296296455,0.6012962962962963,10.333333333333334,0.46774193548387094,1.8655913978494625,4.258064516129032,0.0,0.011923536439665471,0.06791816009557945
0,1,1,2009-02-21 04:00:00,0,0.0,0.0,0.0,0.0,0.0,0.46774193548387094,1.8655913978494625,4.193548387096774,0.0,0.011923536439665473,0.06791816009557945
0,1,1,2009-02-22 04:00:00,1,0.0,3.0,-0.16666666666666666,0.6833333333333332,14.333333333333336,0.5645161290322581,2.327956989247312,4.129032258064516,0.0,0.006547192353643966,0.08996117084826763
0,1,1,2009-02-23 04:00:00,0,0.0,0.0,0.0,0.0,0.0,0.5645161290322581,2.327956989247312,4.0,0.0,0.006547192353643967,0.08996117084826763
0,1,1,2009-02-24 04:00:00,1,0.0,0.0,0.0,0.0,0.0,0.5645161290322581,2.327956989247312,3.870967741935484,0.0,0.006547192353643966,0.08996117084826763
0,1,1,2009-02-25 04:00:00,2,0.0,0.0,0.0,0.0,0.0,0.5645161290322581,2.327956989247312,3.7419354838709675,0.0,0.006547192353643967,0.08996117084826763
0,1,1,2009-02-26 04:00:00,3,0.0,0.0,0.0,0.0,0.0,0.5645161290322581,2.327956989247312,3.6129032258064515,0.0,0.006547192353643966,0.08996117084826763
0,1,1,2009-02-27 04:00:00,4,0.0,0.0,0.0,0.0,0.0,0.5645161290322581,2.327956989247312,3.4838709677419355,0.0,0.006547192353643967,0.08996117084826763
0,1,1,2009-02-28 04:00:00,5,0.0,0.0,0.0,0.0,0.0,0.5645161290322581,2.327956989247312,3.3548387096774195,0.0,0.006547192353643966,0.08996117084826763
0,1,1,2009-03-01 04:00:00,6,0.0,4.0,0.4075,0.625,9.5,0.625,2.488095238095238,2.75,0.0,0.01778439153439153,0.09692129629629628
0,1,1,2009-03-02 04:00:00,0,0.0,5.0,0.2533333333333333,0.5666666666666667,16.8,0.8035714285714286,3.0880952380952382,2.7142857142857144,0.0,0.026832010582010575,0.11715939153439152
0,1,1,2009-03-03 04:00:00,0,0.0,2.0,0.2466666666666667,0.5066666666666666,13.0,0.875,3.5523809523809526,2.642857142857143,0.0,0.035641534391534384,0.1352546296296296
0,1,1,2009-03-04 04:00:00,0,0.0,1.5,0.0,0.0,4.75,0.8392857142857143,3.436309523809524,2.5357142857142856,0.0,0.033260582010582004,0.12230820105820106
0,1,1,2009-03-05 04:00:00,0,0.0,1.0,0.0,0.0,12.0,0.875,3.8648809523809526,2.5357142857142856,0.0,0.033260582010582004,0.12230820105820106
0,1,1,2009-03-06 04:00:00,0,0.0,0.0,0.0,0.0,0.0,0.875,3.8648809523809526,2.5,0.0,0.033260582010582004,0.12230820105820106
0,1,1,2009-03-07 04:00:00,1,0.0,0.0,0.0,0.0,0.0,0.875,3.8648809523809526,2.4642857142857144,0.0,0.033260582010582004,0.12230820105820106
0,1,1,2009-03-08 04:00:00,2,0.0,0.0,0.0,0.0,0.0,0.875,3.8648809523809526,2.4285714285714284,0.0,0.033260582010582004,0.12230820105820107
1,1,1,2009-03-09 04:00:00,3,0.0,0.0,0.0,0.0,0.0,0.875,3.8648809523809526,2.392857142857143,0.0,0.033260582010582004,0.12230820105820107
1,1,1,2009-03-10 04:00:00,4,0.0,8.0,0.02395833333333336,0.4635416666666667,15.75,1.1607142857142858,4.427380952380952,2.357142857142857,0.0,0.03411623677248677,0.13886326058201057
1,1,1,2009-03-11 04:00:00,0,0.0,3.5,-0.06249999999999997,0.5874999999999999,12.625,1.2857142857142858,4.87827380952381,2.142857142857143,0.0,0.031884093915343914,0.15984540343915343
1,1,1,2009-03-12 04:00:00,0,0.0,2.333333333333333,0.1,0.3333333333333333,6.777777777777778,1.2976190476190474,4.7096230158730155,1.8928571428571428,0.0,0.03545552248677248,0.16817873677248676
1,1,1,2009-03-13 04:00:00,0,0.0,3.0,0.0,0.0,14.0,1.3333333333333333,4.638194444444444,1.8928571428571428,0.0,0.02890790343915344,0.15597635582010586
1,1,1,2009-03-14 04:00:00,0,0.0,0.0,0.0,0.0,0.0,1.3333333333333333,4.638194444444444,1.8928571428571428,0.0,0.02890790343915344,0.1559763558201058
1,1,1,2009-03-15 04:00:00,1,0.0,0.0,0.0,0.0,0.0,1.3333333333333335,4.638194444444444,1.8928571428571428,0.0,0.02890790343915344,0.1559763558201058
1,1,1,2009-03-16 04:00:00,2,0.0,0.0,0.0,0.0,0.0,1.3333333333333333,4.638194444444444,1.8928571428571428,0.0,0.028907903439153438,0.1559763558201058
1,1,1,2009-03-17 04:00:00,3,0.0,0.0,0.0,0.0,0.0,1.3333333333333333,4.638194444444444,1.8928571428571428,0.0,0.02890790343915344,0.1559763558201058
1,1,1,2009-03-18 04:00:00,4,0.0,0.0,0.0,0.0,0.0,1.3333333333333333,4.638194444444445,1.8928571428571428,0.0,0.02890790343915344,0.1559763558201058
1,1,1,2009-03-19 04:00:00,5,0.0,0.0,0.0,0.0,0.0,1.3333333333333333,4.638194444444445,1.8928571428571428,0.0,0.02890790343915344,0.1559763558201058
1,1,1,2009-03-20 04:00:00,6,0.0,3.0,0.07222222222222223,0.3111111111111111,9.333333333333334,1.2976190476190474,4.602480158730159,1.8928571428571428,0.0,0.03123263888888889,0.14561259920634922
1,1,1,2009-03-21 04:00:00,0,0.0,0.0,0.0,0.0,0.0,1.2976190476190474,4.602480158730159,1.8928571428571428,0.0,0.03123263888888889,0.1456125992063492
1,1,1,2009-03-22 04:00:00,1,0.0,0.0,0.0,0.0,0.0,1.1904761904761902,4.090575396825397,1.8928571428571428,0.0,0.03718501984126984,0.12120783730158731
