Churn in 12m,Churn in 3m,Churn in 6m,Date & Time,Inactivity,Questions,Sentences,Sentiment,Subjectivity,Sentence mean past 30 days,Inactive mean past 30 days,Questions mean past 30 days,Sentiment mean past 30 days,Subjectivity mean past 30 days
0,0,0,2005-12-07 04:00:00,447,0.0,9.5,0.034166666666666665,0.37475,9.5,447.0,0.0,0.034166666666666665,0.37475
0,0,0,2005-12-08 04:00:00,0,0.0,0.0,0.0,0.0,4.75,223.5,0.0,0.017083333333333332,0.187375
0,0,0,2005-12-09 04:00:00,1,0.0,0.0,0.0,0.0,3.1666666666666665,149.33333333333334,0.0,0.011388888888888888,0.12491666666666668
0,0,0,2005-12-10 04:00:00,2,0.0,0.0,0.0,0.0,2.375,112.5,0.0,0.008541666666666666,0.0936875
0,0,0,2005-12-11 04:00:00,3,0.125,7.5,-0.006250000000000006,0.3670138888888889,3.4,90.6,0.025,0.005583333333333332,0.14835277777777778
0,0,0,2005-12-12 04:00:00,0,0.0,0.0,0.0,0.0,2.8333333333333335,75.5,0.020833333333333332,0.0046527777777777765,0.12362731481481481
0,0,0,2005-12-13 04:00:00,1,0.0,0.0,0.0,0.0,2.4285714285714284,64.85714285714286,0.017857142857142856,0.003988095238095237,0.10596626984126985
0,0,0,2005-12-14 04:00:00,2,0.0,0.0,0.0,0.0,2.125,57.0,0.015625,0.0034895833333333324,0.09272048611111111
0,0,0,2005-12-15 04:00:00,3,0.0,0.0,0.0,0.0,1.8888888888888888,51.0,0.013888888888888888,0.003101851851851851,0.0824182098765432
0,0,0,2005-12-16 04:00:00,4,0.19047619047619047,10.0,0.039444444444444435,0.3807142857142857,2.7,46.3,0.03154761904761905,0.006736111111111109,0.11224781746031746
0,0,0,2005-12-17 04:00:00,0,0.0,0.0,0.0,0.0,2.4545454545454546,42.09090909090909,0.02867965367965368,0.006123737373737372,0.10204347041847042
0,0,0,2005-12-18 04:00:00,1,0.0,0.0,0.0,0.0,2.25,38.666666666666664,0.02628968253968254,0.0056134259259259245,0.09353984788359788
0,0,0,2005-12-19 04:00:00,2,0.0,0.0,0.0,0.0,2.076923076923077,35.84615384615385,0.024267399267399268,0.0051816239316239306,0.08634447496947498
0,0,0,2005-12-20 04:00:00,3,0.0,0.0,0.0,0.0,1.9285714285714286,33.5,0.022534013605442178,0.004811507936507935,0.08017701247165533
0,0,0,2005-12-21 04:00:00,4,0.0,0.0,0.0,0.0,1.8,31.533333333333335,0.02103174603174603,0.00449074074074074,0.0748318783068783
0,0,0,2005-12-22 04:00:00,5,0.0,4.0,-0.2458333333333333,0.5416666666666667,1.9375,29.875,0.019717261904761904,-0.01115451388888889,0.10400905257936509
0,0,0,2005-12-23 04:00:00,0,0.0,0.0,0.0,0.0,1.8235294117647058,28.11764705882353,0.018557422969187675,-0.010498366013071895,0.09789087301587304
0,0,0,2005-12-24 04:00:00,1,0.0,0.0,0.0,0.0,1.7222222222222223,26.61111111111111,0.017526455026455025,-0.009915123456790123,0.09245249118165787
0,0,0,2005-12-25 04:00:00,2,0.0,0.0,0.0,0.0,1.631578947368421,25.31578947368421,0.016604010025062656,-0.009393274853801169,0.08758657059314956
0,0,0,2005-12-26 04:00:00,3,0.0,0.0,0.0,0.0,1.55,24.2,0.015773809523809523,-0.00892361111111111,0.08320724206349209
0,0,0,2005-12-27 04:00:00,4,0.0,0.0,0.0,0.0,1.4761904761904763,23.238095238095237,0.015022675736961451,-0.008498677248677247,0.07924499244142102
0,0,0,2005-12-28 04:00:00,5,0.0,0.0,0.0,0.0,1.4090909090909092,22.40909090909091,0.01433982683982684,-0.008112373737373736,0.07564294733044735
0,0,0,2005-12-29 04:00:00,6,0.0,0.0,0.0,0.0,1.3478260869565217,21.695652173913043,0.013716356107660454,-0.0077596618357487915,0.07235412353347137
0,0,0,2005-12-30 04:00:00,7,0.0,0.0,0.0,0.0,1.2916666666666667,21.083333333333332,0.01314484126984127,-0.0074363425925925925,0.0693393683862434
0,0,0,2005-12-31 04:00:00,8,0.0,0.0,0.0,0.0,1.24,20.56,0.012619047619047618,-0.007138888888888888,0.06656579365079367
0,0,0,2006-01-01 04:00:00,9,0.0,0.0,0.0,0.0,1.1923076923076923,20.115384615384617,0.012133699633699634,-0.006864316239316238,0.06400557081807083
0,0,0,2006-01-02 04:00:00,10,0.0,0.0,0.0,0.0,1.1481481481481481,19.74074074074074,0.011684303350970017,-0.006610082304526748,0.06163499412110524
0,0,0,2006-01-03 04:00:00,11,0.0,0.0,0.0,0.0,1.1071428571428572,19.428571428571427,0.011267006802721089,-0.0063740079365079355,0.059433744331065776
0,0,0,2006-01-04 04:00:00,12,0.0,0.0,0.0,0.0,1.0689655172413792,19.17241379310345,0.010878489326765188,-0.006154214559386972,0.05738430487137385
0,0,0,2006-01-05 04:00:00,13,0.0,0.0,0.0,0.0,1.0333333333333334,18.966666666666665,0.010515873015873015,-0.005949074074074074,0.05547149470899472
0,0,0,2006-01-06 04:00:00,14,0.0,0.0,0.0,0.0,1.0,18.806451612903224,0.010176651305683564,-0.005757168458781361,0.05368209165386586
0,0,0,2006-01-07 04:00:00,15,0.0,0.0,0.0,0.0,0.6935483870967742,4.870967741935484,0.010176651305683564,-0.006859318996415769,0.0415933819764465
0,0,0,2006-01-08 04:00:00,16,0.0,0.0,0.0,0.0,0.6935483870967742,5.387096774193548,0.010176651305683564,-0.006859318996415769,0.0415933819764465
0,0,0,2006-01-09 04:00:00,17,0.0,0.0,0.0,0.0,0.6935483870967742,5.903225806451613,0.010176651305683564,-0.006859318996415769,0.0415933819764465
0,0,0,2006-01-10 04:00:00,18,0.0,0.0,0.0,0.0,0.6935483870967742,6.419354838709677,0.010176651305683564,-0.006859318996415769,0.0415933819764465
0,0,0,2006-01-11 04:00:00,19,0.0,0.0,0.0,0.0,0.45161290322580644,6.935483870967742,0.006144393241167435,-0.006657706093189963,0.02975422427035331
0,0,0,2006-01-12 04:00:00,20,0.0,0.0,0.0,0.0,0.45161290322580644,7.580645161290323,0.006144393241167435,-0.006657706093189963,0.02975422427035331
0,0,0,2006-01-13 04:00:00,21,0.0,0.0,0.0,0.0,0.45161290322580644,8.225806451612904,0.006144393241167435,-0.006657706093189963,0.02975422427035331
0,0,0,2006-01-14 04:00:00,22,0.0,0.0,0.0,0.0,0.45161290322580644,8.870967741935484,0.006144393241167435,-0.006657706093189963,0.02975422427035331
0,0,0,2006-01-15 04:00:00,23,0.0,0.0,0.0,0.0,0.45161290322580644,9.516129032258064,0.006144393241167435,-0.006657706093189963,0.02975422427035331
0,0,0,2006-01-16 04:00:00,24,0.0,11.0,0.029545454545454545,0.05,0.4838709677419355,10.161290322580646,0.0,-0.006977028347996089,0.019086021505376347
0,0,0,2006-01-17 04:00:00,0,0.4615384615384616,13.0,-0.06346153846153844,0.21538461538461534,0.9032258064516129,10.161290322580646,0.014888337468982634,-0.0090241747499812,0.026033912324234906
0,0,0,2006-01-18 04:00:00,0,0.0,6.0,0.002777777777777786,0.4555555555555556,1.096774193548387,10.129032258064516,0.014888337468982634,-0.008934569015214174,0.040729252826027025
0,0,0,2006-01-19 04:00:00,0,0.0,0.0,0.0,0.0,1.096774193548387,10.064516129032258,0.014888337468982634,-0.008934569015214174,0.04072925282602702
0,0,0,2006-01-20 04:00:00,1,0.0,0.0,0.0,0.0,1.096774193548387,10.0,0.014888337468982634,-0.008934569015214174,0.040729252826027025
0,0,0,2006-01-21 04:00:00,2,0.0,0.0,0.0,0.0,1.096774193548387,9.935483870967742,0.014888337468982634,-0.008934569015214174,0.04072925282602702
0,0,0,2006-01-22 04:00:00,3,0.38461538461538464,13.0,-0.02051282051282051,0.20705128205128207,1.3870967741935485,9.870967741935484,0.027295285359801493,-0.001666165375842794,0.029935208161014616
0,0,0,2006-01-23 04:00:00,0,0.42857142857142855,7.0,-0.14285714285714285,0.4,1.6129032258064515,9.870967741935484,0.04112017015242822,-0.00627446030671837,0.042838433967466234
0,0,0,2006-01-24 04:00:00,0,0.1111111111111111,9.0,0.2380555555555556,0.3194444444444444,1.903225806451613,9.838709677419354,0.04470439954310922,0.0014047511628156825,0.053143093465674106
0,0,0,2006-01-25 04:00:00,0,0.0,0.0,0.0,0.0,1.903225806451613,9.774193548387096,0.044704399543109216,0.0014047511628156825,0.053143093465674106
0,0,0,2006-01-26 04:00:00,1,0.0,0.0,0.0,0.0,1.903225806451613,9.709677419354838,0.044704399543109216,0.0014047511628156823,0.053143093465674106
0,0,0,2006-01-27 04:00:00,2,0.0,0.0,0.0,0.0,1.903225806451613,9.64516129032258,0.044704399543109216,0.0014047511628156827,0.053143093465674106
0,0,0,2006-01-28 04:00:00,3,0.0,0.0,0.0,0.0,1.903225806451613,9.580645161290322,0.04470439954310922,0.0014047511628156825,0.053143093465674106
0,0,0,2006-01-29 04:00:00,4,0.14285714285714285,6.5,0.1873809523809524,0.4338095238095238,2.1129032258064515,9.516129032258064,0.04931269447398479,0.007449298013814147,0.06713694907243294
0,0,0,2006-01-30 04:00:00,0,0.07407407407407407,13.5,0.0027160493827160523,0.3125925925925926,2.5483870967741935,9.290322580645162,0.0517021807344388,0.007536912510030794,0.07722058109154883
0,0,0,2006-01-31 04:00:00,0,0.0,0.0,0.0,0.0,2.5483870967741935,9.03225806451613,0.05170218073443881,0.007536912510030793,0.07722058109154883
0,0,0,2006-02-01 04:00:00,1,0.0,4.333333333333333,0.059814814814814835,0.43740740740740747,2.6881720430107525,8.774193548387096,0.05170218073443881,0.009466422665347403,0.09133049745952973
0,0,0,2006-02-02 04:00:00,0,0.0,0.0,0.0,0.0,2.6881720430107525,8.451612903225806,0.0517021807344388,0.0094664226653474,0.09133049745952972
0,0,0,2006-02-03 04:00:00,1,0.0,0.0,0.0,0.0,2.6881720430107525,8.129032258064516,0.0517021807344388,0.009466422665347403,0.09133049745952973
0,0,0,2006-02-04 04:00:00,2,0.0,0.0,0.0,0.0,2.6881720430107525,7.806451612903226,0.05170218073443881,0.009466422665347399,0.09133049745952973
0,0,0,2006-02-05 04:00:00,3,0.0,0.0,0.0,0.0,2.6881720430107525,7.483870967741935,0.05170218073443881,0.009466422665347403,0.09133049745952973
0,0,0,2006-02-06 04:00:00,4,0.0,0.0,0.0,0.0,2.6881720430107525,7.161290322580645,0.0517021807344388,0.0094664226653474,0.09133049745952972
0,0,0,2006-02-07 04:00:00,5,0.0,6.0,0.1388888888888889,0.2611111111111111,2.8817204301075265,6.838709677419355,0.0517021807344388,0.013946709403698654,0.0997534365276301
0,0,0,2006-02-08 04:00:00,0,0.0,0.0,0.0,0.0,2.8817204301075265,6.32258064516129,0.05170218073443881,0.013946709403698654,0.0997534365276301
0,0,0,2006-02-09 04:00:00,1,0.0,0.0,0.0,0.0,2.8817204301075265,5.806451612903226,0.05170218073443881,0.013946709403698656,0.0997534365276301
0,0,0,2006-02-10 04:00:00,2,0.0,0.0,0.0,0.0,2.8817204301075265,5.290322580645161,0.0517021807344388,0.013946709403698654,0.0997534365276301
0,0,0,2006-02-11 04:00:00,3,0.0,0.0,0.0,0.0,2.8817204301075265,4.774193548387097,0.05170218073443881,0.013946709403698654,0.0997534365276301
0,0,0,2006-02-12 04:00:00,4,0.0,0.0,0.0,0.0,2.8817204301075265,4.258064516129032,0.05170218073443881,0.013946709403698654,0.0997534365276301
0,0,0,2006-02-13 04:00:00,5,0.0,0.0,0.0,0.0,2.8817204301075265,3.7419354838709675,0.05170218073443881,0.013946709403698654,0.0997534365276301
0,0,0,2006-02-14 04:00:00,6,0.0,0.0,0.0,0.0,2.8817204301075265,3.225806451612903,0.0517021807344388,0.013946709403698654,0.0997534365276301
0,0,0,2006-02-15 04:00:00,7,0.0,0.0,0.0,0.0,2.8817204301075265,2.7096774193548385,0.0517021807344388,0.013946709403698654,0.09975343652763008
0,0,0,2006-02-16 04:00:00,8,0.0,0.0,0.0,0.0,2.5268817204301075,2.193548387096774,0.0517021807344388,0.012993630224813025,0.09814053330182364
0,0,0,2006-02-17 04:00:00,9,0.0,0.0,0.0,0.0,2.10752688172043,2.4838709677419355,0.03681384326545616,0.015040776626798136,0.09119264248296508
0,0,0,2006-02-18 04:00:00,10,0.0,0.0,0.0,0.0,1.9139784946236558,2.806451612903226,0.03681384326545616,0.014951170892031112,0.07649730198117295
0,0,0,2006-02-19 04:00:00,11,0.0,0.0,0.0,0.0,1.9139784946236558,3.161290322580645,0.03681384326545616,0.014951170892031112,0.07649730198117295
0,0,0,2006-02-20 04:00:00,12,0.0,0.0,0.0,0.0,1.9139784946236558,3.5161290322580645,0.03681384326545616,0.014951170892031112,0.07649730198117295
0,0,0,2006-02-21 04:00:00,13,0.0,0.0,0.0,0.0,1.9139784946236558,3.870967741935484,0.03681384326545616,0.014951170892031112,0.07649730198117295
0,0,0,2006-02-22 04:00:00,14,0.0,0.0,0.0,0.0,1.4946236559139783,4.225806451612903,0.02440689537463731,0.01561287477954145,0.06981822836661547
0,0,0,2006-02-23 04:00:00,15,0.0,0.0,0.0,0.0,1.268817204301075,4.709677419354839,0.010582010582010581,0.020221169710417024,0.05691500256016385
0,0,0,2006-02-24 04:00:00,16,0.0,0.0,0.0,0.0,0.9784946236559139,5.225806451612903,0.006997781191329578,0.012541958240882974,0.04661034306195597
0,0,0,2006-02-25 04:00:00,17,0.0,0.0,0.0,0.0,0.9784946236559139,5.774193548387097,0.006997781191329578,0.012541958240882974,0.04661034306195597
0,0,0,2006-02-26 04:00:00,18,0.0,0.0,0.0,0.0,0.9784946236559139,6.32258064516129,0.006997781191329578,0.012541958240882974,0.04661034306195597
0,0,0,2006-02-27 04:00:00,19,0.0,0.0,0.0,0.0,0.9784946236559139,6.870967741935484,0.006997781191329578,0.012541958240882974,0.04661034306195597
0,0,0,2006-02-28 04:00:00,20,0.0,0.0,0.0,0.0,0.9784946236559139,7.419354838709677,0.006997781191329578,0.012541958240882974,0.04661034306195597
0,0,0,2006-03-01 04:00:00,21,0.0,0.0,0.0,0.0,0.21428571428571427,8.785714285714286,0.0,0.004960317460317461,0.009325396825396825
0,0,0,2006-03-02 04:00:00,22,0.0,7.0,0.14523809523809522,0.5954761904761904,0.4642857142857143,9.571428571428571,0.0,0.010147392290249432,0.030592403628117913
0,0,0,2006-03-03 04:00:00,0,0.38461538461538464,13.0,0.05096153846153846,0.17371794871794874,0.9285714285714286,9.535714285714286,0.013736263736263738,0.011967447235304378,0.03679661608233037
0,0,0,2006-03-04 04:00:00,0,0.0,0.0,0.0,0.0,0.9285714285714286,9.464285714285714,0.013736263736263738,0.011967447235304378,0.03679661608233037
0,0,0,2006-03-05 04:00:00,1,0.0,0.0,0.0,0.0,0.9285714285714286,9.392857142857142,0.013736263736263738,0.011967447235304378,0.03679661608233037
0,0,0,2006-03-06 04:00:00,2,0.0,0.0,0.0,0.0,0.9285714285714286,9.321428571428571,0.013736263736263738,0.011967447235304378,0.03679661608233037
0,0,0,2006-03-07 04:00:00,3,0.0,0.0,0.0,0.0,0.7142857142857143,9.25,0.013736263736263738,0.007007129774986917,0.027471219256933542
0,0,0,2006-03-08 04:00:00,4,0.0,0.0,0.0,0.0,0.7142857142857143,9.392857142857142,0.013736263736263738,0.007007129774986917,0.027471219256933542
0,0,0,2006-03-09 04:00:00,5,0.0,0.0,0.0,0.0,0.7142857142857143,9.535714285714286,0.013736263736263738,0.007007129774986917,0.027471219256933542
0,0,0,2006-03-10 04:00:00,6,0.0,7.0,0.23154761904761906,0.3726190476190476,0.9642857142857143,9.678571428571429,0.013736263736263738,0.015276687598116168,0.04077904238618524
0,0,0,2006-03-11 04:00:00,0,0.0,0.0,0.0,0.0,0.9642857142857143,9.571428571428571,0.013736263736263738,0.015276687598116168,0.04077904238618524
0,0,0,2006-03-12 04:00:00,1,0.0,0.0,0.0,0.0,0.9642857142857143,9.464285714285714,0.013736263736263738,0.015276687598116168,0.04077904238618524
0,0,0,2006-03-13 04:00:00,2,0.0,0.0,0.0,0.0,0.9642857142857143,9.357142857142858,0.013736263736263738,0.015276687598116168,0.04077904238618524
0,0,0,2006-03-14 04:00:00,3,0.0,0.0,0.0,0.0,0.9642857142857143,9.25,0.013736263736263738,0.015276687598116168,0.04077904238618524
0,0,0,2006-03-15 04:00:00,4,0.0,0.0,0.0,0.0,0.9642857142857143,9.142857142857142,0.013736263736263738,0.015276687598116168,0.04077904238618524
0,0,0,2006-03-16 04:00:00,5,0.0,0.0,0.0,0.0,0.9642857142857143,9.035714285714286,0.013736263736263738,0.015276687598116168,0.04077904238618524
0,0,0,2006-03-17 04:00:00,6,0.0,0.0,0.0,0.0,0.9642857142857143,8.928571428571429,0.013736263736263738,0.015276687598116168,0.04077904238618524
0,0,0,2006-03-18 04:00:00,7,0.04,8.333333333333334,0.044833333333333336,0.4817055555555555,1.261904761904762,8.821428571428571,0.015164835164835164,0.016877878074306647,0.057982812227455084
0,0,0,2006-03-19 04:00:00,0,0.03571428571428571,9.0,0.040625000000000015,0.278968253968254,1.5833333333333335,8.428571428571429,0.0164403453689168,0.018328770931449502,0.06794596415489272
0,0,0,2006-03-20 04:00:00,0,0.1,5.0,0.12406944444444445,0.4348888888888888,1.761904761904762,8.0,0.02001177394034537,0.02275982251875109,0.08347771018663876
0,0,0,2006-03-21 04:00:00,0,0.0,0.0,0.0,0.0,1.761904761904762,7.535714285714286,0.020011773940345368,0.02275982251875109,0.08347771018663874
0,0,0,2006-03-22 04:00:00,1,0.0,5.0,0.28,0.36,1.9404761904761905,7.071428571428571,0.02001177394034537,0.03275982251875109,0.0963348530437816
0,0,0,2006-03-23 04:00:00,0,0.0,4.0,0.07666666666666669,0.6083333333333334,2.0833333333333335,6.535714285714286,0.020011773940345368,0.03549791775684633,0.11806104351997207
0,0,0,2006-03-24 04:00:00,0,0.0,0.0,0.0,0.0,2.0833333333333335,5.964285714285714,0.02001177394034537,0.03549791775684633,0.11806104351997208
0,0,0,2006-03-25 04:00:00,1,0.0,5.0,0.3,0.52,2.261904761904762,5.392857142857143,0.020011773940345368,0.04621220347113204,0.13663247209140064
0,0,0,2006-03-26 04:00:00,0,0.0,0.0,0.0,0.0,2.261904761904762,4.75,0.02001177394034537,0.04621220347113204,0.13663247209140067
0,0,0,2006-03-27 04:00:00,1,0.0,0.0,0.0,0.0,2.261904761904762,4.107142857142857,0.020011773940345368,0.046212203471132036,0.13663247209140064
0,0,0,2006-03-28 04:00:00,2,0.0,0.0,0.0,0.0,2.261904761904762,3.4642857142857144,0.02001177394034537,0.04621220347113204,0.13663247209140067
0,0,0,2006-03-29 04:00:00,3,0.0,0.0,0.0,0.0,2.1839080459770117,3.4482758620689653,0.01932171276998863,0.044618679213506804,0.13192100753652475
0,0,0,2006-03-30 04:00:00,4,0.0,0.0,0.0,0.0,2.111111111111111,3.466666666666667,0.01867765567765568,0.04313138990638991,0.1275236406186406
0,0,0,2006-03-31 04:00:00,5,0.0,0.0,0.0,0.0,2.043010752688172,3.5161290322580645,0.018075150655795815,0.04174005474811926,0.12340997479223284
0,0,0,2006-04-01 04:00:00,6,0.0,0.0,0.0,0.0,2.043010752688172,3.032258064516129,0.01807515065579582,0.04174005474811927,0.12340997479223285
0,0,0,2006-04-02 04:00:00,7,0.0,0.0,0.0,0.0,1.817204301075269,2.5483870967741935,0.018075150655795815,0.0370549549017291,0.10420106542203315
0,0,0,2006-04-03 04:00:00,8,0.0,7.0,0.17711309523809524,0.4583333333333334,1.6236559139784947,2.806451612903226,0.005668202764976959,0.04112435995903738,0.11338220686123911
0,0,0,2006-04-04 04:00:00,0,0.0,0.0,0.0,0.0,1.6236559139784947,2.806451612903226,0.005668202764976958,0.041124359959037377,0.11338220686123913
0,0,0,2006-04-05 04:00:00,1,0.0,0.0,0.0,0.0,1.6236559139784947,2.806451612903226,0.005668202764976959,0.04112435995903738,0.11338220686123911
0,0,0,2006-04-06 04:00:00,2,0.0,0.0,0.0,0.0,1.6236559139784947,2.806451612903226,0.005668202764976958,0.04112435995903738,0.11338220686123913
0,0,0,2006-04-07 04:00:00,3,0.0,0.0,0.0,0.0,1.6236559139784947,2.806451612903226,0.005668202764976959,0.04112435995903738,0.11338220686123911
0,0,0,2006-04-08 04:00:00,4,0.0,7.5,0.19694444444444448,0.3942592592592593,1.8655913978494625,2.806451612903226,0.005668202764976958,0.04747740655401946,0.12610024748250556
0,0,0,2006-04-09 04:00:00,0,0.0,6.0,0.16087962962962962,0.4268518518518519,2.0591397849462365,2.6451612903225805,0.005668202764976959,0.052667072025943,0.13986966205837173
0,0,0,2006-04-10 04:00:00,0,0.0,0.0,0.0,0.0,1.8333333333333335,2.4516129032258065,0.005668202764976958,0.04519779399214883,0.12784969278033795
0,0,0,2006-04-11 04:00:00,1,0.0,7.0,0.06547619047619048,0.1,2.0591397849462365,2.4838709677419355,0.005668202764976959,0.04730992916880014,0.13107549923195086
0,0,0,2006-04-12 04:00:00,0,0.0,1.0,0.935,1.0,2.0913978494623655,2.4516129032258065,0.005668202764976959,0.07747121949138078,0.1633335637480799
0,0,0,2006-04-13 04:00:00,0,0.0,0.0,0.0,0.0,2.0913978494623655,2.3870967741935485,0.005668202764976959,0.07747121949138078,0.1633335637480799
0,0,0,2006-04-14 04:00:00,1,0.17391304347826084,7.333333333333332,0.05432971014492753,0.3031159420289855,2.3279569892473115,2.3225806451612905,0.01127830094169505,0.07922379078637845,0.1731114973619181
0,0,0,2006-04-15 04:00:00,0,0.0,0.0,0.0,0.0,2.3279569892473115,2.193548387096774,0.01127830094169505,0.07922379078637845,0.17311149736191814
0,0,0,2006-04-16 04:00:00,1,0.0,0.0,0.0,0.0,2.3279569892473115,2.064516129032258,0.01127830094169505,0.07922379078637845,0.17311149736191814
0,0,0,2006-04-17 04:00:00,2,0.0,0.0,0.0,0.0,2.3279569892473115,1.935483870967742,0.01127830094169505,0.07922379078637845,0.17311149736191814
0,0,0,2006-04-18 04:00:00,3,0.0,0.0,0.0,0.0,2.0591397849462365,1.8064516129032258,0.009987978361049888,0.07777755422723866,0.15757260847302926
0,0,0,2006-04-19 04:00:00,4,0.0,0.0,0.0,0.0,1.768817204301075,1.935483870967742,0.008835904628330995,0.07646707035627093,0.14857363253856945
0,0,0,2006-04-20 04:00:00,5,0.0,0.0,0.0,0.0,1.60752688172043,2.096774193548387,0.0056100981767180915,0.07246483021290175,0.134544958703444
0,0,0,2006-04-21 04:00:00,6,0.0,0.0,0.0,0.0,1.60752688172043,2.2903225806451615,0.0056100981767180915,0.07246483021290175,0.134544958703444
0,0,0,2006-04-22 04:00:00,7,0.0,0.0,0.0,0.0,1.4462365591397848,2.4838709677419355,0.0056100981767180915,0.06343257214838562,0.12293205547763754
0,0,0,2006-04-23 04:00:00,8,0.0,0.0,0.0,0.0,1.3172043010752688,2.7419354838709675,0.0056100981767180915,0.060959453868815724,0.10330839956365905
0,0,0,2006-04-24 04:00:00,9,0.0,0.0,0.0,0.0,1.3172043010752688,3.032258064516129,0.0056100981767180915,0.06095945386881572,0.10330839956365905
0,0,0,2006-04-25 04:00:00,10,0.0,4.0,0.3875,0.675,1.2849462365591395,3.3225806451612905,0.0056100981767180915,0.063782034513977,0.10830839956365905
0,0,0,2006-04-26 04:00:00,0,0.0,0.0,0.0,0.0,1.2849462365591395,3.3225806451612905,0.0056100981767180915,0.06378203451397702,0.10830839956365905
0,0,0,2006-04-27 04:00:00,1,0.0,0.0,0.0,0.0,1.2849462365591395,3.3225806451612905,0.0056100981767180915,0.06378203451397702,0.10830839956365905
0,0,0,2006-04-28 04:00:00,2,0.0,7.0,0.2461111111111111,0.3821428571428571,1.5107526881720428,3.3225806451612905,0.0056100981767180915,0.07172110261433542,0.12063558850375121
0,0,0,2006-04-29 04:00:00,0,0.0,0.0,0.0,0.0,1.5107526881720428,3.225806451612903,0.0056100981767180915,0.07172110261433542,0.12063558850375121
0,0,0,2006-04-30 04:00:00,1,0.0,0.0,0.0,0.0,1.5107526881720428,3.129032258064516,0.0056100981767180915,0.07172110261433544,0.12063558850375121
0,0,0,2006-05-01 04:00:00,2,0.0,8.0,0.018055555555555557,0.29444444444444445,1.8277777777777777,2.933333333333333,0.0057971014492753615,0.07471365788666513,0.1344715896020244
0,0,0,2006-05-02 04:00:00,0,0.0,0.0,0.0,0.0,1.8277777777777777,2.7,0.0057971014492753615,0.07471365788666513,0.1344715896020244
0,0,0,2006-05-03 04:00:00,1,0.0,0.0,0.0,0.0,1.5944444444444443,2.466666666666667,0.0057971014492753615,0.0688098880453953,0.11919381182424661
0,0,0,2006-05-04 04:00:00,2,0.0,0.0,0.0,0.0,1.5944444444444443,2.533333333333333,0.0057971014492753615,0.0688098880453953,0.11919381182424661
0,0,0,2006-05-05 04:00:00,3,0.0,0.0,0.0,0.0,1.5944444444444443,2.6,0.0057971014492753615,0.0688098880453953,0.11919381182424661
0,0,0,2006-05-06 04:00:00,4,0.0,0.0,0.0,0.0,1.5944444444444443,2.6666666666666665,0.0057971014492753615,0.0688098880453953,0.11919381182424661
0,0,0,2006-05-07 04:00:00,5,0.0,0.0,0.0,0.0,1.5944444444444443,2.7333333333333334,0.0057971014492753615,0.0688098880453953,0.11919381182424661
0,0,0,2006-05-08 04:00:00,6,0.0,0.0,0.0,0.0,1.3444444444444443,2.8,0.0057971014492753615,0.062245073230580476,0.10605183651560464
0,0,0,2006-05-09 04:00:00,7,0.0,0.0,0.0,0.0,1.1444444444444444,3.033333333333333,0.0057971014492753615,0.05688241890959282,0.09182344145387625
0,0,0,2006-05-10 04:00:00,8,0.0,0.0,0.0,0.0,1.1444444444444444,3.3,0.0057971014492753615,0.05688241890959282,0.09182344145387625
0,0,0,2006-05-11 04:00:00,9,0.0,0.0,0.0,0.0,0.9111111111111111,3.566666666666667,0.0057971014492753615,0.05469987922705314,0.0884901081205429
0,0,0,2006-05-12 04:00:00,10,0.0,0.0,0.0,0.0,0.8777777777777778,3.9,0.0057971014492753615,0.02353321256038647,0.055156774787209574
0,0,0,2006-05-13 04:00:00,11,0.0,0.0,0.0,0.0,0.8777777777777778,4.266666666666667,0.0057971014492753615,0.02353321256038647,0.055156774787209574
0,0,0,2006-05-14 04:00:00,12,0.0,0.0,0.0,0.0,0.6333333333333333,4.633333333333334,0.0,0.021722222222222223,0.04505291005291005
0,0,0,2006-05-15 04:00:00,13,0.0,0.0,0.0,0.0,0.6333333333333333,5.066666666666666,0.0,0.02172222222222222,0.04505291005291005
0,0,0,2006-05-16 04:00:00,14,0.0,0.0,0.0,0.0,0.6333333333333333,5.5,0.0,0.02172222222222222,0.04505291005291005
0,0,0,2006-05-17 04:00:00,15,0.0,0.0,0.0,0.0,0.6333333333333333,5.933333333333334,0.0,0.02172222222222222,0.04505291005291005
0,0,0,2006-05-18 04:00:00,16,0.0,0.0,0.0,0.0,0.6333333333333333,6.366666666666666,0.0,0.021722222222222223,0.04505291005291005
0,0,0,2006-05-19 04:00:00,17,0.0,9.0,-0.01898148148148148,0.19467592592592592,0.9333333333333333,6.8,0.0,0.021089506172839508,0.05154210758377425
0,0,0,2006-05-20 04:00:00,0,0.0,9.0,0.16814814814814813,0.6314814814814815,1.2333333333333334,6.633333333333334,0.0,0.026694444444444444,0.07259149029982363
0,0,0,2006-05-21 04:00:00,0,0.0,0.0,0.0,0.0,1.2333333333333334,6.433333333333334,0.0,0.026694444444444444,0.07259149029982363
0,0,0,2006-05-22 04:00:00,1,0.0,0.0,0.0,0.0,1.2333333333333334,6.233333333333333,0.0,0.026694444444444444,0.07259149029982363
0,0,0,2006-05-23 04:00:00,2,0.0,0.0,0.0,0.0,1.2333333333333334,6.033333333333333,0.0,0.026694444444444444,0.07259149029982363
0,0,0,2006-05-24 04:00:00,3,0.0,0.0,0.0,0.0,1.2333333333333334,5.833333333333333,0.0,0.026694444444444444,0.07259149029982363
0,0,0,2006-05-25 04:00:00,4,0.0,0.0,0.0,0.0,1.1,5.633333333333334,0.0,0.013777777777777778,0.050091490299823634
0,0,0,2006-05-26 04:00:00,5,0.0,0.0,0.0,0.0,1.1,5.8,0.0,0.013777777777777778,0.050091490299823634
0,0,0,2006-05-27 04:00:00,6,0.0,0.0,0.0,0.0,1.1,5.966666666666667,0.0,0.013777777777777778,0.050091490299823634
0,0,0,2006-05-28 04:00:00,7,0.0,0.0,0.0,0.0,0.8666666666666667,6.133333333333334,0.0,0.005574074074074073,0.0373533950617284
0,0,0,2006-05-29 04:00:00,8,0.0,0.0,0.0,0.0,0.8666666666666667,6.4,0.0,0.005574074074074073,0.0373533950617284
0,0,0,2006-05-30 04:00:00,9,0.0,0.0,0.0,0.0,0.8666666666666667,6.666666666666667,0.0,0.005574074074074073,0.0373533950617284
0,0,0,2006-05-31 04:00:00,10,0.0,0.0,0.0,0.0,0.8387096774193549,6.774193548387097,0.0,0.005394265232974909,0.03614844683393071
0,0,0,2006-06-01 04:00:00,11,0.0,0.0,0.0,0.0,0.5806451612903226,7.064516129032258,0.0,0.004811827956989247,0.026650238948626045
0,0,0,2006-06-02 04:00:00,12,0.0,0.0,0.0,0.0,0.5806451612903226,7.451612903225806,0.0,0.004811827956989247,0.026650238948626045
0,0,0,2006-06-03 04:00:00,13,0.0,0.0,0.0,0.0,0.5806451612903226,7.838709677419355,0.0,0.004811827956989247,0.026650238948626045
0,0,0,2006-06-04 04:00:00,14,0.0,0.0,0.0,0.0,0.5806451612903226,8.225806451612904,0.0,0.004811827956989247,0.026650238948626045
0,0,0,2006-06-05 04:00:00,15,0.0,0.0,0.0,0.0,0.5806451612903226,8.612903225806452,0.0,0.004811827956989247,0.026650238948626045
0,0,0,2006-06-06 04:00:00,16,0.0,0.0,0.0,0.0,0.5806451612903226,9.0,0.0,0.004811827956989247,0.026650238948626045
0,0,0,2006-06-07 04:00:00,17,0.0,0.0,0.0,0.0,0.5806451612903226,9.387096774193548,0.0,0.004811827956989247,0.026650238948626045
0,0,0,2006-06-08 04:00:00,18,0.0,0.0,0.0,0.0,0.5806451612903226,9.774193548387096,0.0,0.004811827956989247,0.026650238948626045
0,0,0,2006-06-09 04:00:00,19,0.0,0.0,0.0,0.0,0.5806451612903226,10.161290322580646,0.0,0.004811827956989247,0.026650238948626045
0,0,0,2006-06-10 04:00:00,20,0.0,0.0,0.0,0.0,0.5806451612903226,10.548387096774194,0.0,0.004811827956989247,0.026650238948626045
0,0,0,2006-06-11 04:00:00,21,0.0,0.0,0.0,0.0,0.5806451612903226,10.935483870967742,0.0,0.004811827956989247,0.026650238948626045
0,0,0,2006-06-12 04:00:00,22,0.0,0.0,0.0,0.0,0.5806451612903226,11.32258064516129,0.0,0.004811827956989247,0.026650238948626045
0,0,0,2006-06-13 04:00:00,23,0.0,0.0,0.0,0.0,0.5806451612903226,11.709677419354838,0.0,0.004811827956989247,0.026650238948626045
0,0,0,2006-06-14 04:00:00,24,0.0,0.0,0.0,0.0,0.5806451612903226,12.096774193548388,0.0,0.004811827956989247,0.026650238948626045
0,0,0,2006-06-15 04:00:00,25,0.0,0.0,0.0,0.0,0.5806451612903226,12.483870967741936,0.0,0.004811827956989247,0.026650238948626045
0,0,0,2006-06-16 04:00:00,26,0.0,0.0,0.0,0.0,0.5806451612903226,12.870967741935484,0.0,0.004811827956989247,0.026650238948626045
0,0,0,2006-06-17 04:00:00,27,0.0,0.0,0.0,0.0,0.5806451612903226,13.258064516129032,0.0,0.004811827956989247,0.026650238948626045
0,0,0,2006-06-18 04:00:00,28,0.0,0.0,0.0,0.0,0.5806451612903226,13.64516129032258,0.0,0.004811827956989247,0.026650238948626045
0,0,0,2006-06-19 04:00:00,29,0.0,0.0,0.0,0.0,0.2903225806451613,14.03225806451613,0.0,0.005424133811230585,0.020370370370370372
0,0,0,2006-06-20 04:00:00,30,0.0,5.0,-0.0553333333333333,0.5693333333333334,0.16129032258064516,15.0,0.0,-0.0017849462365591385,0.018365591397849462
0,0,0,2006-06-21 04:00:00,0,0.0,4.0,-0.1125,0.475,0.2903225806451613,15.0,0.0,-0.005413978494623655,0.03368817204301075
0,0,0,2006-06-22 04:00:00,0,0.0,0.0,0.0,0.0,0.2903225806451613,14.96774193548387,0.0,-0.005413978494623655,0.03368817204301075
0,0,0,2006-06-23 04:00:00,1,0.0,0.0,0.0,0.0,0.2903225806451613,14.935483870967742,0.0,-0.005413978494623655,0.03368817204301075
0,0,0,2006-06-24 04:00:00,2,0.0,0.0,0.0,0.0,0.2903225806451613,14.903225806451612,0.0,-0.005413978494623655,0.03368817204301075
0,0,0,2006-06-25 04:00:00,3,0.0,0.0,0.0,0.0,0.2903225806451613,14.870967741935484,0.0,-0.005413978494623655,0.03368817204301075
0,0,0,2006-06-26 04:00:00,4,0.0,0.0,0.0,0.0,0.2903225806451613,14.838709677419354,0.0,-0.005413978494623655,0.03368817204301075
0,0,0,2006-06-27 04:00:00,5,0.0,0.0,0.0,0.0,0.2903225806451613,14.806451612903226,0.0,-0.005413978494623655,0.03368817204301075
0,0,0,2006-06-28 04:00:00,6,0.0,0.0,0.0,0.0,0.2903225806451613,14.774193548387096,0.0,-0.005413978494623655,0.03368817204301075
0,0,0,2006-06-29 04:00:00,7,0.0,0.0,0.0,0.0,0.2903225806451613,14.741935483870968,0.0,-0.005413978494623655,0.03368817204301075
0,0,0,2006-06-30 04:00:00,8,0.0,4.0,-0.0708333333333333,0.4,0.41935483870967744,14.709677419354838,0.0,-0.007698924731182793,0.04659139784946236
0,0,0,2006-07-01 04:00:00,0,0.0,0.0,0.0,0.0,0.43333333333333335,14.5,0.0,-0.007955555555555554,0.04814444444444444
0,0,0,2006-07-02 04:00:00,1,0.0,0.0,0.0,0.0,0.43333333333333335,14.133333333333333,0.0,-0.007955555555555553,0.04814444444444444
0,0,0,2006-07-03 04:00:00,2,0.0,0.0,0.0,0.0,0.43333333333333335,13.766666666666667,0.0,-0.007955555555555554,0.04814444444444444
0,0,0,2006-07-04 04:00:00,3,0.0,0.0,0.0,0.0,0.43333333333333335,13.4,0.0,-0.007955555555555553,0.04814444444444444
0,0,0,2006-07-05 04:00:00,4,0.0,0.0,0.0,0.0,0.43333333333333335,13.033333333333333,0.0,-0.007955555555555554,0.04814444444444444
0,0,0,2006-07-06 04:00:00,5,0.0,0.0,0.0,0.0,0.43333333333333335,12.666666666666666,0.0,-0.007955555555555553,0.04814444444444444
0,0,0,2006-07-07 04:00:00,6,0.0,0.0,0.0,0.0,0.43333333333333335,12.3,0.0,-0.007955555555555554,0.04814444444444444
0,0,0,2006-07-08 04:00:00,7,0.0,0.0,0.0,0.0,0.43333333333333335,11.933333333333334,0.0,-0.007955555555555553,0.04814444444444444
0,0,0,2006-07-09 04:00:00,8,0.0,0.0,0.0,0.0,0.43333333333333335,11.566666666666666,0.0,-0.007955555555555554,0.04814444444444444
0,0,0,2006-07-10 04:00:00,9,0.0,0.0,0.0,0.0,0.43333333333333335,11.2,0.0,-0.007955555555555553,0.04814444444444444
0,0,0,2006-07-11 04:00:00,10,0.0,0.0,0.0,0.0,0.43333333333333335,10.833333333333334,0.0,-0.007955555555555554,0.04814444444444444
0,0,0,2006-07-12 04:00:00,11,0.0,0.0,0.0,0.0,0.43333333333333335,10.466666666666667,0.0,-0.007955555555555553,0.04814444444444444
0,0,0,2006-07-13 04:00:00,12,0.0,0.0,0.0,0.0,0.43333333333333335,10.1,0.0,-0.007955555555555554,0.04814444444444444
0,0,0,2006-07-14 04:00:00,13,0.0,0.0,0.0,0.0,0.43333333333333335,9.733333333333333,0.0,-0.007955555555555553,0.04814444444444444
0,0,0,2006-07-15 04:00:00,14,0.0,0.0,0.0,0.0,0.43333333333333335,9.366666666666667,0.0,-0.007955555555555553,0.04814444444444444
0,0,0,2006-07-16 04:00:00,15,0.0,0.0,0.0,0.0,0.43333333333333335,9.0,0.0,-0.007955555555555553,0.04814444444444444
0,0,0,2006-07-17 04:00:00,16,0.35714285714285715,42.0,0.005357142857142858,0.0761904761904762,1.8333333333333333,8.633333333333333,0.011904761904761906,-0.007776984126984124,0.050684126984126984
0,0,0,2006-07-18 04:00:00,0,0.0,0.0,0.0,0.0,1.8333333333333333,7.7,0.011904761904761906,-0.007776984126984124,0.050684126984126984
0,0,0,2006-07-19 04:00:00,1,0.0,0.0,0.0,0.0,1.8333333333333333,6.766666666666667,0.011904761904761906,-0.007776984126984124,0.050684126984126984
0,0,0,2006-07-20 04:00:00,2,0.0,5.0,0.21333333333333326,0.2766666666666667,1.8333333333333333,5.833333333333333,0.011904761904761906,0.0011785714285714275,0.040928571428571425
0,0,0,2006-07-21 04:00:00,0,0.0,0.0,0.0,0.0,1.7,5.833333333333333,0.011904761904761906,0.004928571428571426,0.025095238095238098
0,0,0,2006-07-22 04:00:00,1,0.0,0.0,0.0,0.0,1.7,5.866666666666666,0.011904761904761906,0.004928571428571426,0.025095238095238098
0,0,0,2006-07-23 04:00:00,2,0.0,12.0,0.13006944444444446,0.5365277777777778,2.1,5.9,0.011904761904761906,0.009264219576719575,0.04297949735449736
0,0,0,2006-07-24 04:00:00,0,0.0,0.0,0.0,0.0,2.1,5.833333333333333,0.011904761904761906,0.009264219576719575,0.04297949735449736
0,0,0,2006-07-25 04:00:00,1,0.0,0.0,0.0,0.0,2.1,5.766666666666667,0.011904761904761906,0.009264219576719575,0.04297949735449736
0,0,0,2006-07-26 04:00:00,2,0.0,0.0,0.0,0.0,2.1,5.7,0.011904761904761906,0.009264219576719575,0.04297949735449736
0,0,0,2006-07-27 04:00:00,3,0.14285714285714285,4.5,-0.10706349206349207,0.32365079365079363,2.25,5.633333333333334,0.016666666666666666,0.005695436507936507,0.05376785714285715
0,0,0,2006-07-28 04:00:00,0,0.0,0.0,0.0,0.0,2.25,5.433333333333334,0.016666666666666666,0.005695436507936507,0.05376785714285714
0,0,0,2006-07-29 04:00:00,1,0.0,5.0,-0.017916666666666657,0.18666666666666668,2.4166666666666665,5.233333333333333,0.016666666666666666,0.005098214285714285,0.05999007936507937
0,0,0,2006-07-30 04:00:00,0,0.0,0.0,0.0,0.0,2.283333333333333,4.966666666666667,0.016666666666666666,0.007459325396825396,0.04665674603174604
0,0,0,2006-07-31 04:00:00,1,0.0,0.0,0.0,0.0,2.2096774193548385,4.838709677419355,0.016129032258064516,0.007218701996927801,0.045151689708141325
0,0,0,2006-08-01 04:00:00,2,0.0,7.0,0.03333333333333333,0.3166666666666667,2.435483870967742,4.903225806451613,0.016129032258064516,0.008293970814132101,0.055366743471582186
0,0,0,2006-08-02 04:00:00,0,0.0,0.0,0.0,0.0,2.435483870967742,4.870967741935484,0.016129032258064516,0.008293970814132101,0.05536674347158218
0,0,0,2006-08-03 04:00:00,1,0.0,0.0,0.0,0.0,2.435483870967742,4.838709677419355,0.016129032258064516,0.008293970814132103,0.05536674347158218
0,0,0,2006-08-04 04:00:00,2,0.0,0.0,0.0,0.0,2.435483870967742,4.806451612903226,0.016129032258064516,0.008293970814132101,0.05536674347158218
0,0,0,2006-08-05 04:00:00,3,0.0,0.0,0.0,0.0,2.435483870967742,4.774193548387097,0.016129032258064516,0.008293970814132101,0.055366743471582186
0,0,0,2006-08-06 04:00:00,4,0.0,0.0,0.0,0.0,2.435483870967742,4.741935483870968,0.016129032258064516,0.008293970814132101,0.05536674347158218
0,0,0,2006-08-07 04:00:00,5,0.0,0.0,0.0,0.0,2.435483870967742,4.709677419354839,0.016129032258064516,0.008293970814132103,0.05536674347158218
0,0,0,2006-08-08 04:00:00,6,0.0,0.0,0.0,0.0,2.435483870967742,4.67741935483871,0.016129032258064516,0.008293970814132101,0.05536674347158218
0,0,0,2006-08-09 04:00:00,7,0.0,0.0,0.0,0.0,2.435483870967742,4.645161290322581,0.016129032258064516,0.008293970814132101,0.055366743471582186
0,0,0,2006-08-10 04:00:00,8,0.0,0.0,0.0,0.0,2.435483870967742,4.612903225806452,0.016129032258064516,0.008293970814132101,0.055366743471582186
0,0,0,2006-08-11 04:00:00,9,0.3333333333333333,4.5,-0.06975308641975309,0.21296296296296294,2.5806451612903225,4.580645161290323,0.026881720430107524,0.006043871252204585,0.06223651647038744
0,0,0,2006-08-12 04:00:00,0,0.0,0.0,0.0,0.0,2.5806451612903225,4.225806451612903,0.026881720430107524,0.006043871252204582,0.06223651647038744
0,0,0,2006-08-13 04:00:00,1,0.0,0.0,0.0,0.0,2.5806451612903225,3.870967741935484,0.026881720430107524,0.006043871252204584,0.06223651647038744
0,0,0,2006-08-14 04:00:00,2,0.0,0.0,0.0,0.0,2.5806451612903225,3.5161290322580645,0.026881720430107524,0.006043871252204584,0.06223651647038744
0,0,0,2006-08-15 04:00:00,3,0.0,0.0,0.0,0.0,2.5806451612903225,3.161290322580645,0.026881720430107524,0.006043871252204585,0.06223651647038744
0,0,0,2006-08-16 04:00:00,4,0.0,0.0,0.0,0.0,2.5806451612903225,2.806451612903226,0.026881720430107524,0.006043871252204584,0.06223651647038744
0,0,0,2006-08-17 04:00:00,5,0.0,0.0,0.0,0.0,1.2258064516129032,2.4516129032258065,0.015360983102918587,0.00587106019229675,0.05977875917392047
0,0,0,2006-08-18 04:00:00,6,0.0,0.0,0.0,0.0,1.2258064516129032,2.6451612903225805,0.015360983102918587,0.005871060192296749,0.05977875917392047
0,0,0,2006-08-19 04:00:00,7,0.3809523809523809,6.333333333333332,-0.042103174603174615,0.282936507936508,1.4301075268817203,2.838709677419355,0.02764976958525345,0.004512893269613698,0.06890574330090461
0,0,0,2006-08-20 04:00:00,0,0.2222222222222222,9.0,0.013117283950617287,0.22314814814814812,1.5591397849462365,2.774193548387097,0.03481822836661546,-0.0019456889685384314,0.06717933947772659
0,0,0,2006-08-21 04:00:00,0,0.0,0.0,0.0,0.0,1.5591397849462365,2.774193548387097,0.03481822836661546,-0.0019456889685384306,0.06717933947772659
0,0,0,2006-08-22 04:00:00,1,0.0,0.0,0.0,0.0,1.5591397849462365,2.774193548387097,0.03481822836661546,-0.0019456889685384314,0.06717933947772659
0,0,0,2006-08-23 04:00:00,2,0.0,7.0,0.06636904761904762,0.3514285714285714,1.3978494623655913,2.774193548387097,0.03481822836661546,-0.004000540479035104,0.0612083973374296
0,0,0,2006-08-24 04:00:00,0,0.0,0.0,0.0,0.0,1.3978494623655913,2.774193548387097,0.03481822836661546,-0.004000540479035104,0.0612083973374296
0,0,0,2006-08-25 04:00:00,1,0.0,0.0,0.0,0.0,1.3978494623655913,2.774193548387097,0.03481822836661546,-0.004000540479035103,0.0612083973374296
0,0,0,2006-08-26 04:00:00,2,0.0,0.0,0.0,0.0,1.3978494623655913,2.774193548387097,0.03481822836661546,-0.004000540479035103,0.0612083973374296
0,0,0,2006-08-27 04:00:00,3,0.1,2.6666666666666665,0.05333333333333333,0.18583333333333327,1.3387096774193548,2.774193548387097,0.03343573988735279,0.0011735506627979745,0.05676267281105991
0,0,0,2006-08-28 04:00:00,0,0.5,4.0,0.075,0.2375,1.467741935483871,2.774193548387097,0.0495647721454173,0.003592905501507652,0.06442396313364056
0,0,0,2006-08-29 04:00:00,0,0.0,0.0,0.0,0.0,1.3064516129032258,2.7419354838709675,0.0495647721454173,0.004170862490754964,0.05840245775729646
0,0,0,2006-08-30 04:00:00,1,0.0,0.0,0.0,0.0,1.3064516129032258,2.774193548387097,0.0495647721454173,0.004170862490754964,0.05840245775729646
0,0,0,2006-08-31 04:00:00,2,0.0,0.0,0.0,0.0,1.3064516129032258,2.806451612903226,0.0495647721454173,0.004170862490754964,0.05840245775729646
0,0,0,2006-09-01 04:00:00,3,0.0,0.0,0.0,0.0,1.0806451612903225,2.838709677419355,0.0495647721454173,0.0030955936735506625,0.048187403993855606
0,0,0,2006-09-02 04:00:00,4,0.0,0.0,0.0,0.0,1.0806451612903225,2.967741935483871,0.0495647721454173,0.0030955936735506625,0.048187403993855606
0,0,0,2006-09-03 04:00:00,5,0.0,0.0,0.0,0.0,1.0806451612903225,3.096774193548387,0.0495647721454173,0.0030955936735506625,0.048187403993855606
0,0,0,2006-09-04 04:00:00,6,0.0,0.0,0.0,0.0,1.0806451612903225,3.225806451612903,0.0495647721454173,0.003095593673550662,0.048187403993855606
0,0,0,2006-09-05 04:00:00,7,0.0,0.0,0.0,0.0,1.0806451612903225,3.3548387096774195,0.0495647721454173,0.003095593673550662,0.048187403993855606
0,0,0,2006-09-06 04:00:00,8,0.0,0.0,0.0,0.0,1.0806451612903225,3.4838709677419355,0.0495647721454173,0.003095593673550662,0.048187403993855606
0,0,0,2006-09-07 04:00:00,9,0.0,0.0,0.0,0.0,1.0806451612903225,3.6129032258064515,0.0495647721454173,0.003095593673550662,0.048187403993855606
0,0,0,2006-09-08 04:00:00,10,0.0,0.0,0.0,0.0,1.0806451612903225,3.7419354838709675,0.0495647721454173,0.003095593673550662,0.048187403993855606
0,0,0,2006-09-09 04:00:00,11,0.0,0.0,0.0,0.0,1.0806451612903225,3.870967741935484,0.0495647721454173,0.003095593673550662,0.048187403993855606
0,0,0,2006-09-10 04:00:00,12,0.0,0.0,0.0,0.0,1.0806451612903225,4.0,0.0495647721454173,0.003095593673550662,0.048187403993855606
0,0,0,2006-09-11 04:00:00,13,0.0,0.0,0.0,0.0,0.9354838709677419,4.129032258064516,0.038812083973374295,0.005345693235478181,0.04131763099505034
0,0,0,2006-09-12 04:00:00,14,0.0,0.0,0.0,0.0,0.9354838709677419,4.580645161290323,0.038812083973374295,0.0053456932354781815,0.04131763099505035
0,0,0,2006-09-13 04:00:00,15,0.0,0.0,0.0,0.0,0.9354838709677418,5.032258064516129,0.038812083973374295,0.0053456932354781815,0.04131763099505034
0,0,0,2006-09-14 04:00:00,16,0.0,0.0,0.0,0.0,0.9354838709677418,5.483870967741935,0.038812083973374295,0.0053456932354781815,0.04131763099505034
0,0,0,2006-09-15 04:00:00,17,0.0,0.0,0.0,0.0,0.9354838709677418,5.935483870967742,0.038812083973374295,0.0053456932354781815,0.04131763099505034
0,0,0,2006-09-16 04:00:00,18,0.0,0.0,0.0,0.0,0.9354838709677418,6.387096774193548,0.038812083973374295,0.0053456932354781815,0.04131763099505034
0,0,0,2006-09-17 04:00:00,19,0.0,0.0,0.0,0.0,0.9354838709677418,6.838709677419355,0.038812083973374295,0.0053456932354781815,0.04131763099505034
0,0,0,2006-09-18 04:00:00,20,0.0,0.0,0.0,0.0,0.9354838709677418,7.290322580645161,0.038812083973374295,0.0053456932354781815,0.04131763099505034
0,0,0,2006-09-19 04:00:00,21,0.0,0.0,0.0,0.0,0.7311827956989246,7.741935483870968,0.026523297491039426,0.006703860158161234,0.03219064686806622
0,0,0,2006-09-20 04:00:00,22,0.0,0.0,0.0,0.0,0.44086021505376344,8.451612903225806,0.01935483870967742,0.006280721966205837,0.024992319508448536
0,0,0,2006-09-21 04:00:00,23,0.0,0.0,0.0,0.0,0.44086021505376344,9.193548387096774,0.01935483870967742,0.006280721966205837,0.024992319508448536
0,0,0,2006-09-22 04:00:00,24,0.0,0.0,0.0,0.0,0.44086021505376344,9.935483870967742,0.01935483870967742,0.006280721966205837,0.024992319508448536
0,0,0,2006-09-23 04:00:00,25,0.0,0.0,0.0,0.0,0.2150537634408602,10.67741935483871,0.01935483870967742,0.004139784946236559,0.01365591397849462
0,0,0,2006-09-24 04:00:00,26,0.0,0.0,0.0,0.0,0.2150537634408602,11.516129032258064,0.01935483870967742,0.004139784946236559,0.01365591397849462
0,0,0,2006-09-25 04:00:00,27,0.0,0.0,0.0,0.0,0.2150537634408602,12.35483870967742,0.01935483870967742,0.004139784946236559,0.01365591397849462
0,0,0,2006-09-26 04:00:00,28,0.0,0.0,0.0,0.0,0.2150537634408602,13.193548387096774,0.01935483870967742,0.004139784946236559,0.01365591397849462
0,0,0,2006-09-27 04:00:00,29,0.0,0.0,0.0,0.0,0.12903225806451613,14.03225806451613,0.016129032258064516,0.0024193548387096775,0.007661290322580645
0,0,0,2006-09-28 04:00:00,30,0.0,0.0,0.0,0.0,0.0,15.0,0.0,0.0,0.0
0,0,0,2006-09-29 04:00:00,31,0.3,10.0,0.05658333333333334,0.22683333333333336,0.3225806451612903,16.0,0.00967741935483871,0.0018252688172043013,0.00731720430107527
0,0,0,2006-09-30 04:00:00,0,0.0,0.0,0.0,0.0,0.3225806451612903,15.96774193548387,0.00967741935483871,0.0018252688172043013,0.00731720430107527
0,0,0,2006-10-01 04:00:00,1,0.0,0.0,0.0,0.0,0.3333333333333333,16.366666666666667,0.01,0.0018861111111111114,0.007561111111111112
0,0,0,2006-10-02 04:00:00,2,0.0,0.0,0.0,0.0,0.3333333333333333,16.3,0.01,0.0018861111111111114,0.007561111111111112
0,0,0,2006-10-03 04:00:00,3,0.0,0.0,0.0,0.0,0.3333333333333333,16.233333333333334,0.01,0.0018861111111111114,0.007561111111111112
0,0,0,2006-10-04 04:00:00,4,0.0,0.0,0.0,0.0,0.3333333333333333,16.166666666666668,0.01,0.0018861111111111114,0.007561111111111112
0,0,0,2006-10-05 04:00:00,5,0.0,0.0,0.0,0.0,0.3333333333333333,16.1,0.01,0.0018861111111111114,0.007561111111111112
0,0,0,2006-10-06 04:00:00,6,0.0,0.0,0.0,0.0,0.3333333333333333,16.033333333333335,0.01,0.0018861111111111114,0.007561111111111112
0,0,0,2006-10-07 04:00:00,7,0.0,0.0,0.0,0.0,0.3333333333333333,15.966666666666667,0.01,0.0018861111111111114,0.007561111111111112
0,0,0,2006-10-08 04:00:00,8,0.0,0.0,0.0,0.0,0.3333333333333333,15.9,0.01,0.0018861111111111114,0.007561111111111112
0,0,0,2006-10-09 04:00:00,9,0.0,0.0,0.0,0.0,0.3333333333333333,15.833333333333334,0.01,0.0018861111111111114,0.007561111111111112
0,0,0,2006-10-10 04:00:00,10,0.0,0.0,0.0,0.0,0.3333333333333333,15.766666666666667,0.01,0.0018861111111111114,0.007561111111111112
0,0,0,2006-10-11 04:00:00,11,0.0,0.0,0.0,0.0,0.3333333333333333,15.7,0.01,0.0018861111111111114,0.007561111111111112
0,0,0,2006-10-12 04:00:00,12,0.0,0.0,0.0,0.0,0.3333333333333333,15.633333333333333,0.01,0.0018861111111111114,0.007561111111111112
0,0,0,2006-10-13 04:00:00,13,0.0,0.0,0.0,0.0,0.3333333333333333,15.566666666666666,0.01,0.0018861111111111114,0.007561111111111112
0,0,0,2006-10-14 04:00:00,14,0.0,0.0,0.0,0.0,0.3333333333333333,15.5,0.01,0.0018861111111111114,0.007561111111111112
0,0,0,2006-10-15 04:00:00,15,0.0,0.0,0.0,0.0,0.3333333333333333,15.433333333333334,0.01,0.0018861111111111114,0.007561111111111112
0,0,0,2006-10-16 04:00:00,16,0.0,0.0,0.0,0.0,0.3333333333333333,15.366666666666667,0.01,0.0018861111111111114,0.007561111111111112
0,0,0,2006-10-17 04:00:00,17,0.0,0.0,0.0,0.0,0.3333333333333333,15.3,0.01,0.0018861111111111114,0.007561111111111112
0,0,0,2006-10-18 04:00:00,18,0.0,0.0,0.0,0.0,0.3333333333333333,15.233333333333333,0.01,0.0018861111111111114,0.007561111111111112
0,0,0,2006-10-19 04:00:00,19,0.0,0.0,0.0,0.0,0.3333333333333333,15.166666666666666,0.01,0.0018861111111111114,0.007561111111111112
0,0,0,2006-10-20 04:00:00,20,0.0,0.0,0.0,0.0,0.3333333333333333,15.1,0.01,0.0018861111111111114,0.007561111111111112
0,0,0,2006-10-21 04:00:00,21,0.0,0.0,0.0,0.0,0.3333333333333333,15.033333333333333,0.01,0.0018861111111111114,0.007561111111111112
0,0,0,2006-10-22 04:00:00,22,0.0,0.0,0.0,0.0,0.3333333333333333,14.966666666666667,0.01,0.0018861111111111114,0.007561111111111112
0,0,0,2006-10-23 04:00:00,23,0.0,0.0,0.0,0.0,0.3333333333333333,14.9,0.01,0.0018861111111111114,0.007561111111111112
0,0,0,2006-10-24 04:00:00,24,0.0,0.0,0.0,0.0,0.3333333333333333,14.833333333333334,0.01,0.0018861111111111114,0.007561111111111112
0,0,0,2006-10-25 04:00:00,25,0.0,0.0,0.0,0.0,0.3333333333333333,14.766666666666667,0.01,0.0018861111111111114,0.007561111111111112
0,0,0,2006-10-26 04:00:00,26,0.0,0.0,0.0,0.0,0.3333333333333333,14.7,0.01,0.0018861111111111114,0.007561111111111112
0,0,0,2006-10-27 04:00:00,27,0.0,0.0,0.0,0.0,0.3333333333333333,14.633333333333333,0.01,0.0018861111111111114,0.007561111111111112
0,0,0,2006-10-28 04:00:00,28,0.0,0.0,0.0,0.0,0.3333333333333333,14.566666666666666,0.01,0.0018861111111111114,0.007561111111111112
0,0,0,2006-10-29 04:00:00,29,0.0,0.0,0.0,0.0,0.0,14.5,0.0,0.0,0.0
0,0,0,2006-10-30 04:00:00,30,0.0,0.0,0.0,0.0,0.0,15.5,0.0,0.0,0.0
0,0,0,2006-10-31 04:00:00,31,0.0,0.0,0.0,0.0,0.0,16.0,0.0,0.0,0.0
0,0,0,2006-11-01 04:00:00,32,0.0,0.0,0.0,0.0,0.0,17.0,0.0,0.0,0.0
0,0,0,2006-11-02 04:00:00,33,0.0,0.0,0.0,0.0,0.0,18.0,0.0,0.0,0.0
0,0,0,2006-11-03 04:00:00,34,0.0,0.0,0.0,0.0,0.0,19.0,0.0,0.0,0.0
0,0,0,2006-11-04 04:00:00,35,0.0,0.0,0.0,0.0,0.0,20.0,0.0,0.0,0.0
0,0,0,2006-11-05 04:00:00,36,0.0,0.0,0.0,0.0,0.0,21.0,0.0,0.0,0.0
0,0,0,2006-11-06 04:00:00,37,0.0,0.0,0.0,0.0,0.0,22.0,0.0,0.0,0.0
0,0,0,2006-11-07 04:00:00,38,0.0,0.0,0.0,0.0,0.0,23.0,0.0,0.0,0.0
0,0,0,2006-11-08 04:00:00,39,0.0,0.0,0.0,0.0,0.0,24.0,0.0,0.0,0.0
0,0,0,2006-11-09 04:00:00,40,0.0,0.0,0.0,0.0,0.0,25.0,0.0,0.0,0.0
0,0,0,2006-11-10 04:00:00,41,0.0,0.0,0.0,0.0,0.0,26.0,0.0,0.0,0.0
0,0,0,2006-11-11 04:00:00,42,0.0,0.0,0.0,0.0,0.0,27.0,0.0,0.0,0.0
0,0,0,2006-11-12 04:00:00,43,0.0,0.0,0.0,0.0,0.0,28.0,0.0,0.0,0.0
0,0,0,2006-11-13 04:00:00,44,0.0,0.0,0.0,0.0,0.0,29.0,0.0,0.0,0.0
0,0,0,2006-11-14 04:00:00,45,0.0,0.0,0.0,0.0,0.0,30.0,0.0,0.0,0.0
0,0,0,2006-11-15 04:00:00,46,0.0,0.0,0.0,0.0,0.0,31.0,0.0,0.0,0.0
0,0,0,2006-11-16 04:00:00,47,0.0,0.0,0.0,0.0,0.0,32.0,0.0,0.0,0.0
0,0,0,2006-11-17 04:00:00,48,0.0,0.0,0.0,0.0,0.0,33.0,0.0,0.0,0.0
0,0,0,2006-11-18 04:00:00,49,0.0,0.0,0.0,0.0,0.0,34.0,0.0,0.0,0.0
0,0,0,2006-11-19 04:00:00,50,0.0,0.0,0.0,0.0,0.0,35.0,0.0,0.0,0.0
0,0,0,2006-11-20 04:00:00,51,0.0,0.0,0.0,0.0,0.0,36.0,0.0,0.0,0.0
0,0,0,2006-11-21 04:00:00,52,0.0,0.0,0.0,0.0,0.0,37.0,0.0,0.0,0.0
0,0,0,2006-11-22 04:00:00,53,0.0,0.0,0.0,0.0,0.0,38.0,0.0,0.0,0.0
0,0,0,2006-11-23 04:00:00,54,0.0,0.0,0.0,0.0,0.0,39.0,0.0,0.0,0.0
0,0,0,2006-11-24 04:00:00,55,0.0,0.0,0.0,0.0,0.0,40.0,0.0,0.0,0.0
0,0,0,2006-11-25 04:00:00,56,0.0,0.0,0.0,0.0,0.0,41.0,0.0,0.0,0.0
0,0,0,2006-11-26 04:00:00,57,0.0,0.0,0.0,0.0,0.0,42.0,0.0,0.0,0.0
0,0,0,2006-11-27 04:00:00,58,0.0,0.0,0.0,0.0,0.0,43.0,0.0,0.0,0.0
0,0,0,2006-11-28 04:00:00,59,0.0,0.0,0.0,0.0,0.0,44.0,0.0,0.0,0.0
0,0,0,2006-11-29 04:00:00,60,0.0,0.0,0.0,0.0,0.0,45.0,0.0,0.0,0.0
0,0,0,2006-11-30 04:00:00,61,0.0,0.0,0.0,0.0,0.0,46.0,0.0,0.0,0.0
0,0,0,2006-12-01 04:00:00,62,0.0,0.0,0.0,0.0,0.0,47.5,0.0,0.0,0.0
0,0,0,2006-12-02 04:00:00,63,0.0,0.0,0.0,0.0,0.0,48.5,0.0,0.0,0.0
0,0,0,2006-12-03 04:00:00,64,0.0,0.0,0.0,0.0,0.0,49.5,0.0,0.0,0.0
0,0,0,2006-12-04 04:00:00,65,0.0,0.0,0.0,0.0,0.0,50.5,0.0,0.0,0.0
0,0,0,2006-12-05 04:00:00,66,0.0,0.0,0.0,0.0,0.0,51.5,0.0,0.0,0.0
0,0,0,2006-12-06 04:00:00,67,0.0,0.0,0.0,0.0,0.0,52.5,0.0,0.0,0.0
0,0,0,2006-12-07 04:00:00,68,0.0,0.0,0.0,0.0,0.0,53.5,0.0,0.0,0.0
0,0,0,2006-12-08 04:00:00,69,0.0,0.0,0.0,0.0,0.0,54.5,0.0,0.0,0.0
0,0,0,2006-12-09 04:00:00,70,0.0,0.0,0.0,0.0,0.0,55.5,0.0,0.0,0.0
0,0,0,2006-12-10 04:00:00,71,0.0,0.0,0.0,0.0,0.0,56.5,0.0,0.0,0.0
0,0,0,2006-12-11 04:00:00,72,0.0,0.0,0.0,0.0,0.0,57.5,0.0,0.0,0.0
0,0,0,2006-12-12 04:00:00,73,0.0,0.0,0.0,0.0,0.0,58.5,0.0,0.0,0.0
0,0,0,2006-12-13 04:00:00,74,0.0,0.0,0.0,0.0,0.0,59.5,0.0,0.0,0.0
0,0,0,2006-12-14 04:00:00,75,0.0,0.0,0.0,0.0,0.0,60.5,0.0,0.0,0.0
0,0,0,2006-12-15 04:00:00,76,0.0,0.0,0.0,0.0,0.0,61.5,0.0,0.0,0.0
0,0,0,2006-12-16 04:00:00,77,0.0,0.0,0.0,0.0,0.0,62.5,0.0,0.0,0.0
0,0,0,2006-12-17 04:00:00,78,0.0,0.0,0.0,0.0,0.0,63.5,0.0,0.0,0.0
0,0,0,2006-12-18 04:00:00,79,0.0,0.0,0.0,0.0,0.0,64.5,0.0,0.0,0.0
0,0,0,2006-12-19 04:00:00,80,0.0,0.0,0.0,0.0,0.0,65.5,0.0,0.0,0.0
0,0,0,2006-12-20 04:00:00,81,0.0,0.0,0.0,0.0,0.0,66.5,0.0,0.0,0.0
0,0,0,2006-12-21 04:00:00,82,0.0,0.0,0.0,0.0,0.0,67.5,0.0,0.0,0.0
0,0,0,2006-12-22 04:00:00,83,0.0,0.0,0.0,0.0,0.0,68.5,0.0,0.0,0.0
0,0,0,2006-12-23 04:00:00,84,0.0,0.0,0.0,0.0,0.0,69.5,0.0,0.0,0.0
0,0,0,2006-12-24 04:00:00,85,0.0,0.0,0.0,0.0,0.0,70.5,0.0,0.0,0.0
0,0,0,2006-12-25 04:00:00,86,0.0,0.0,0.0,0.0,0.0,71.5,0.0,0.0,0.0
0,0,0,2006-12-26 04:00:00,87,0.0,0.0,0.0,0.0,0.0,72.5,0.0,0.0,0.0
0,0,0,2006-12-27 04:00:00,88,0.0,0.0,0.0,0.0,0.0,73.5,0.0,0.0,0.0
0,0,0,2006-12-28 04:00:00,89,0.0,0.0,0.0,0.0,0.0,74.5,0.0,0.0,0.0
0,0,0,2006-12-29 04:00:00,90,0.0,0.0,0.0,0.0,0.0,75.5,0.0,0.0,0.0
0,0,0,2006-12-30 04:00:00,91,0.0,0.0,0.0,0.0,0.0,76.5,0.0,0.0,0.0
0,0,0,2006-12-31 04:00:00,92,0.0,0.0,0.0,0.0,0.0,77.0,0.0,0.0,0.0
0,0,0,2007-01-01 04:00:00,93,0.0,0.0,0.0,0.0,0.0,78.0,0.0,0.0,0.0
0,0,0,2007-01-02 04:00:00,94,0.0,0.0,0.0,0.0,0.0,79.0,0.0,0.0,0.0
0,0,0,2007-01-03 04:00:00,95,0.3333333333333333,6.0,-0.08277777777777777,0.3111111111111111,0.1935483870967742,80.0,0.01075268817204301,-0.0026702508960573476,0.01003584229390681
0,0,0,2007-01-04 04:00:00,0,0.0,0.0,0.0,0.0,0.1935483870967742,77.90322580645162,0.01075268817204301,-0.0026702508960573476,0.01003584229390681
0,0,0,2007-01-05 04:00:00,1,0.0,0.0,0.0,0.0,0.1935483870967742,75.80645161290323,0.01075268817204301,-0.0026702508960573476,0.01003584229390681
0,0,0,2007-01-06 04:00:00,2,0.0,0.0,0.0,0.0,0.1935483870967742,73.70967741935483,0.01075268817204301,-0.0026702508960573476,0.01003584229390681
0,0,0,2007-01-07 04:00:00,3,0.0,0.0,0.0,0.0,0.1935483870967742,71.61290322580645,0.01075268817204301,-0.0026702508960573476,0.01003584229390681
0,0,0,2007-01-08 04:00:00,4,0.0,0.0,0.0,0.0,0.1935483870967742,69.51612903225806,0.01075268817204301,-0.0026702508960573476,0.01003584229390681
0,0,0,2007-01-09 04:00:00,5,0.0,0.0,0.0,0.0,0.1935483870967742,67.41935483870968,0.01075268817204301,-0.0026702508960573476,0.01003584229390681
0,0,0,2007-01-10 04:00:00,6,0.0,0.0,0.0,0.0,0.1935483870967742,65.3225806451613,0.01075268817204301,-0.0026702508960573476,0.01003584229390681
0,0,0,2007-01-11 04:00:00,7,0.0,0.0,0.0,0.0,0.1935483870967742,63.225806451612904,0.01075268817204301,-0.0026702508960573476,0.01003584229390681
0,0,0,2007-01-12 04:00:00,8,0.0,0.0,0.0,0.0,0.1935483870967742,61.12903225806452,0.01075268817204301,-0.0026702508960573476,0.01003584229390681
0,0,0,2007-01-13 04:00:00,9,0.0,0.0,0.0,0.0,0.1935483870967742,59.03225806451613,0.01075268817204301,-0.0026702508960573476,0.01003584229390681
0,0,0,2007-01-14 04:00:00,10,0.0,0.0,0.0,0.0,0.1935483870967742,56.935483870967744,0.01075268817204301,-0.0026702508960573476,0.01003584229390681
0,0,0,2007-01-15 04:00:00,11,0.0,0.0,0.0,0.0,0.1935483870967742,54.83870967741935,0.01075268817204301,-0.0026702508960573476,0.01003584229390681
0,0,0,2007-01-16 04:00:00,12,0.38461538461538464,6.0,0.18044871794871795,0.43205128205128207,0.3870967741935484,52.74193548387097,0.02315963606286187,0.003150675489385167,0.023972980424593327
0,0,0,2007-01-17 04:00:00,0,0.0,13.0,-0.058995726495726486,0.3439316239316239,0.8064516129032258,50.225806451612904,0.02315963606286187,0.001247587537910119,0.03506754893851668
0,0,0,2007-01-18 04:00:00,0,0.0,5.0,0.194375,0.30700000000000005,0.967741935483871,47.67741935483871,0.02315963606286187,0.007517748828232699,0.04497077474496829
0,0,0,2007-01-19 04:00:00,0,0.0,0.0,0.0,0.0,0.967741935483871,45.096774193548384,0.02315963606286187,0.007517748828232699,0.0449707747449683
0,0,0,2007-01-20 04:00:00,1,0.0,0.0,0.0,0.0,0.967741935483871,42.516129032258064,0.02315963606286187,0.007517748828232699,0.0449707747449683
0,0,0,2007-01-21 04:00:00,2,0.0,0.0,0.0,0.0,0.967741935483871,39.935483870967744,0.02315963606286187,0.007517748828232699,0.0449707747449683
0,0,0,2007-01-22 04:00:00,3,0.0,0.0,0.0,0.0,0.967741935483871,37.354838709677416,0.02315963606286187,0.007517748828232699,0.04497077474496829
0,0,0,2007-01-23 04:00:00,4,0.0,0.0,0.0,0.0,0.967741935483871,34.774193548387096,0.02315963606286187,0.007517748828232699,0.0449707747449683
0,0,0,2007-01-24 04:00:00,5,0.0,0.0,0.0,0.0,0.967741935483871,32.193548387096776,0.02315963606286187,0.007517748828232699,0.0449707747449683
0,0,0,2007-01-25 04:00:00,6,0.0,0.0,0.0,0.0,0.967741935483871,29.612903225806452,0.02315963606286187,0.007517748828232699,0.0449707747449683
0,0,0,2007-01-26 04:00:00,7,0.0,6.0,-0.16388888888888886,0.4555555555555556,1.1612903225806452,27.032258064516128,0.02315963606286187,0.0022310104769782202,0.05966611524676041
0,0,0,2007-01-27 04:00:00,0,0.0,0.0,0.0,0.0,1.1612903225806452,24.193548387096776,0.02315963606286187,0.0022310104769782202,0.05966611524676041
0,0,0,2007-01-28 04:00:00,1,0.0,0.0,0.0,0.0,1.1612903225806452,21.35483870967742,0.02315963606286187,0.0022310104769782202,0.05966611524676041
0,0,0,2007-01-29 04:00:00,2,0.0,0.0,0.0,0.0,1.1612903225806452,18.516129032258064,0.02315963606286187,0.0022310104769782202,0.05966611524676041
0,0,0,2007-01-30 04:00:00,3,0.0,8.0,0.14895833333333333,0.3541666666666667,1.4193548387096775,15.67741935483871,0.02315963606286187,0.007036118003859939,0.07109084642955611
0,0,0,2007-01-31 04:00:00,0,0.0,4.333333333333333,0.12440476190476188,0.4921428571428571,1.5591397849462365,12.709677419354838,0.02315963606286187,0.01104917483949742,0.08696642246642246
0,0,0,2007-02-01 04:00:00,0,0.0,0.0,0.0,0.0,1.5591397849462365,9.709677419354838,0.02315963606286187,0.01104917483949742,0.08696642246642246
0,0,0,2007-02-02 04:00:00,1,0.0,6.0,-0.03861111111111109,0.6177777777777778,1.7526881720430105,6.709677419354839,0.02315963606286187,0.00980365512623577,0.10689473787860886
0,0,0,2007-02-03 04:00:00,0,0.0,0.0,0.0,0.0,1.5591397849462365,3.6451612903225805,0.01240694789081886,0.01247390602229312,0.09685889558470204
0,0,0,2007-02-04 04:00:00,1,0.0,0.0,0.0,0.0,1.5591397849462365,3.6774193548387095,0.01240694789081886,0.01247390602229312,0.09685889558470202
0,0,0,2007-02-05 04:00:00,2,0.0,0.0,0.0,0.0,1.5591397849462365,3.7096774193548385,0.01240694789081886,0.012473906022293122,0.09685889558470204
0,0,0,2007-02-06 04:00:00,3,0.0,0.0,0.0,0.0,1.5591397849462365,3.7419354838709675,0.01240694789081886,0.012473906022293117,0.09685889558470204
0,0,0,2007-02-07 04:00:00,4,0.0,8.0,0.04055555555555556,0.2548611111111111,1.8172043010752688,3.774193548387097,0.01240694789081886,0.013782149749891686,0.10508022174957658
0,0,0,2007-02-08 04:00:00,0,0.0,0.0,0.0,0.0,1.8172043010752688,3.6451612903225805,0.01240694789081886,0.013782149749891686,0.10508022174957658
0,0,0,2007-02-09 04:00:00,1,0.0,0.0,0.0,0.0,1.8172043010752688,3.5161290322580645,0.01240694789081886,0.013782149749891686,0.10508022174957658
0,0,0,2007-02-10 04:00:00,2,0.0,0.0,0.0,0.0,1.8172043010752688,3.3870967741935485,0.01240694789081886,0.013782149749891687,0.10508022174957661
0,0,0,2007-02-11 04:00:00,3,0.0,0.0,0.0,0.0,1.8172043010752688,3.2580645161290325,0.01240694789081886,0.013782149749891687,0.10508022174957658
0,0,0,2007-02-12 04:00:00,4,0.0,0.0,0.0,0.0,1.8172043010752688,3.129032258064516,0.01240694789081886,0.013782149749891687,0.10508022174957658
0,0,0,2007-02-13 04:00:00,5,0.0,0.0,0.0,0.0,1.8172043010752688,3.0,0.01240694789081886,0.013782149749891687,0.10508022174957658
0,0,0,2007-02-14 04:00:00,6,0.07142857142857142,14.0,0.10232142857142856,0.4744047619047619,2.268817204301075,2.870967741935484,0.014711095356256648,0.017082840994131317,0.12038360116585924
0,0,0,2007-02-15 04:00:00,0,0.0,0.0,0.0,0.0,2.268817204301075,2.5161290322580645,0.014711095356256648,0.017082840994131314,0.12038360116585924
0,0,0,2007-02-16 04:00:00,1,0.1,20.0,0.009624999999999977,0.6284027777777779,2.7204301075268815,2.161290322580645,0.005529953917050691,0.011572398479656545,0.12671752038284295
0,0,0,2007-02-17 04:00:00,0,0.1111111111111111,9.0,0.17546296296296296,0.5314814814814814,2.5913978494623655,2.161290322580645,0.009114183307731694,0.01913558201058201,0.1327675157876771
0,0,0,2007-02-18 04:00:00,0,0.0,1.0,0.06666666666666665,0.9333333333333332,2.4623655913978495,2.161290322580645,0.009114183307731694,0.015015958354668032,0.15297181686294592
0,0,0,2007-02-19 04:00:00,0,0.16666666666666666,6.0,0.2319444444444445,0.3652777777777778,2.6559139784946235,2.161290322580645,0.014490527393753198,0.022498037207714625,0.16475497098480968
0,0,0,2007-02-20 04:00:00,0,0.3076923076923077,6.5,0.12384615384615386,0.3848717948717949,2.865591397849462,2.129032258064516,0.024416085706408287,0.026493074428558302,0.17717019017422245
0,0,0,2007-02-21 04:00:00,0,0.0,12.0,0.06597222222222221,0.5766203703703704,3.2526881720430105,2.064516129032258,0.024416085706408287,0.02862121062927515,0.19577084728294408
0,0,0,2007-02-22 04:00:00,0,0.2222222222222222,9.0,0.0709259259259259,0.4845370370370371,3.543010752688172,1.967741935483871,0.031584544487770295,0.030909143723659854,0.21140107428413882
0,0,0,2007-02-23 04:00:00,0,0.0,0.0,0.0,0.0,3.543010752688172,1.8387096774193548,0.031584544487770295,0.030909143723659854,0.21140107428413885
0,0,0,2007-02-24 04:00:00,1,0.0,0.0,0.0,0.0,3.543010752688172,1.7096774193548387,0.03158454448777029,0.030909143723659854,0.21140107428413885
0,0,0,2007-02-25 04:00:00,2,0.0,0.0,0.0,0.0,3.543010752688172,1.5806451612903225,0.031584544487770295,0.030909143723659854,0.21140107428413885
0,0,0,2007-02-26 04:00:00,3,0.0,0.0,0.0,0.0,3.3494623655913975,1.4516129032258065,0.031584544487770295,0.03619588207491434,0.19670573378234668
0,0,0,2007-02-27 04:00:00,4,0.0625,7.75,0.029600694444444457,0.30454861111111114,3.5994623655913975,1.5806451612903225,0.03360067352002836,0.037150743186025445,0.20652988252786642
0,0,0,2007-02-28 04:00:00,0,0.0,0.0,0.0,0.0,3.5994623655913975,1.5483870967741935,0.03360067352002835,0.03715074318602544,0.20652988252786642
0,0,0,2007-03-01 04:00:00,1,0.3076923076923077,13.0,0.007051282051282051,0.35,4.008928571428571,1.5714285714285714,0.04818975667189952,0.03162004377071341,0.21093274409122625
0,0,0,2007-03-02 04:00:00,0,0.0,0.0,0.0,0.0,3.794642857142857,1.5357142857142858,0.04818975667189952,0.03299901202468167,0.1888692520277342
0,0,0,2007-03-03 04:00:00,1,0.0,0.0,0.0,0.0,3.794642857142857,1.5714285714285714,0.04818975667189952,0.03299901202468167,0.1888692520277342
0,0,0,2007-03-04 04:00:00,2,0.0,0.0,0.0,0.0,3.794642857142857,1.6071428571428572,0.04818975667189952,0.03299901202468167,0.1888692520277342
0,0,0,2007-03-05 04:00:00,3,0.0,0.0,0.0,0.0,3.794642857142857,1.6428571428571428,0.04818975667189952,0.03299901202468167,0.1888692520277342
0,0,0,2007-03-06 04:00:00,4,0.0,0.0,0.0,0.0,3.794642857142857,1.6785714285714286,0.04818975667189952,0.03299901202468167,0.1888692520277342
0,0,0,2007-03-07 04:00:00,5,0.0,0.0,0.0,0.0,3.5089285714285716,1.7142857142857142,0.04818975667189952,0.03155059932626897,0.17976706948805163
0,0,0,2007-03-08 04:00:00,6,0.0,0.0,0.0,0.0,3.5089285714285716,1.9285714285714286,0.04818975667189952,0.03155059932626897,0.17976706948805163
0,0,0,2007-03-09 04:00:00,7,0.0,0.0,0.0,0.0,3.5089285714285716,2.142857142857143,0.04818975667189952,0.03155059932626897,0.17976706948805163
0,0,0,2007-03-10 04:00:00,8,0.0,0.0,0.0,0.0,3.5089285714285716,2.357142857142857,0.04818975667189952,0.03155059932626897,0.17976706948805168
0,0,0,2007-03-11 04:00:00,9,0.0,0.0,0.0,0.0,3.5089285714285716,2.5714285714285716,0.04818975667189953,0.03155059932626897,0.17976706948805163
0,0,0,2007-03-12 04:00:00,10,0.0,0.0,0.0,0.0,3.5089285714285716,2.7857142857142856,0.04818975667189953,0.03155059932626897,0.17976706948805163
0,0,0,2007-03-13 04:00:00,11,0.0,0.0,0.0,0.0,3.5089285714285716,3.0,0.04818975667189953,0.03155059932626897,0.17976706948805163
0,0,0,2007-03-14 04:00:00,12,0.0,4.0,0.045370370370370366,0.38240740740740736,3.1517857142857144,3.2142857142857144,0.04563873626373627,0.029516632961945462,0.17648144968457466
0,0,0,2007-03-15 04:00:00,0,0.0,0.0,0.0,0.0,3.1517857142857144,3.2142857142857144,0.04563873626373627,0.029516632961945462,0.17648144968457466
0,0,0,2007-03-16 04:00:00,1,0.0,0.0,0.0,0.0,2.4375,3.2142857142857144,0.042067307692307696,0.02917288296194546,0.15403849333536832
0,0,0,2007-03-17 04:00:00,2,0.0,0.0,0.0,0.0,2.1160714285714284,3.2857142857142856,0.03809905372405372,0.022906348570411073,0.13505701185388685
0,0,0,2007-03-18 04:00:00,3,0.0,0.0,0.0,0.0,2.080357142857143,3.392857142857143,0.03809905372405372,0.020525396189458693,0.10172367852055353
0,0,0,2007-03-19 04:00:00,4,0.0,0.0,0.0,0.0,1.8660714285714286,3.5357142857142856,0.032146672771672775,0.01224166603072853,0.08867804359991861
0,0,0,2007-03-20 04:00:00,5,0.0,0.0,0.0,0.0,1.6339285714285714,3.7142857142857144,0.021157661782661784,0.007818589107651607,0.07493262235449737
0,0,0,2007-03-21 04:00:00,6,0.0,0.0,0.0,0.0,1.2053571428571428,3.9285714285714284,0.021157661782661784,0.005462438314000813,0.0543390376984127
0,0,0,2007-03-22 04:00:00,7,0.0,6.0,0.08875,0.4325000000000001,1.0982142857142858,4.178571428571429,0.013221153846153846,0.006099012388074888,0.052480572089947095
0,0,0,2007-03-23 04:00:00,0,0.0,0.0,0.0,0.0,1.0982142857142858,4.178571428571429,0.013221153846153846,0.006099012388074888,0.05248057208994709
0,0,0,2007-03-24 04:00:00,1,0.0,0.0,0.0,0.0,1.0982142857142858,4.178571428571429,0.013221153846153846,0.006099012388074888,0.05248057208994709
0,0,0,2007-03-25 04:00:00,2,0.0,0.0,0.0,0.0,1.0982142857142858,4.178571428571429,0.013221153846153846,0.006099012388074888,0.05248057208994709
0,0,0,2007-03-26 04:00:00,3,0.0,0.0,0.0,0.0,1.0982142857142858,4.178571428571429,0.013221153846153846,0.006099012388074888,0.05248057208994709
0,0,0,2007-03-27 04:00:00,4,0.0,0.0,0.0,0.0,0.8214285714285714,4.178571428571429,0.01098901098901099,0.005041844729344729,0.041603835978835976
0,0,0,2007-03-28 04:00:00,5,0.0,0.0,0.0,0.0,0.8214285714285714,4.357142857142857,0.01098901098901099,0.005041844729344729,0.041603835978835976
0,0,0,2007-03-29 04:00:00,6,0.0,0.0,0.0,0.0,0.7931034482758621,4.413793103448276,0.010610079575596818,0.0048679880145397385,0.04016922094508301
0,0,0,2007-03-30 04:00:00,7,0.0,0.0,0.0,0.0,0.7666666666666667,4.5,0.010256410256410256,0.004705721747388414,0.038830246913580245
0,0,0,2007-03-31 04:00:00,8,0.0,0.0,0.0,0.0,0.7419354838709677,4.612903225806452,0.009925558312655087,0.004553924271666207,0.03757765830346475
0,0,0,2007-04-01 04:00:00,9,0.0,0.0,0.0,0.0,0.3225806451612903,4.870967741935484,0.0,0.004326463560334528,0.026287335722819594
0,0,0,2007-04-02 04:00:00,10,0.0,0.0,0.0,0.0,0.3225806451612903,5.193548387096774,0.0,0.004326463560334528,0.026287335722819594
0,0,0,2007-04-03 04:00:00,11,0.0,0.0,0.0,0.0,0.3225806451612903,5.516129032258065,0.0,0.004326463560334528,0.026287335722819594
0,0,0,2007-04-04 04:00:00,12,0.0,0.0,0.0,0.0,0.3225806451612903,5.838709677419355,0.0,0.004326463560334528,0.026287335722819594
0,0,0,2007-04-05 04:00:00,13,0.0,0.0,0.0,0.0,0.3225806451612903,6.161290322580645,0.0,0.004326463560334528,0.026287335722819594
0,0,0,2007-04-06 04:00:00,14,0.0,0.0,0.0,0.0,0.3225806451612903,6.483870967741935,0.0,0.004326463560334528,0.026287335722819594
0,0,0,2007-04-07 04:00:00,15,0.0,0.0,0.0,0.0,0.3225806451612903,6.806451612903226,0.0,0.004326463560334528,0.026287335722819594
0,0,0,2007-04-08 04:00:00,16,0.0,0.0,0.0,0.0,0.3225806451612903,7.129032258064516,0.0,0.004326463560334528,0.026287335722819594
0,0,0,2007-04-09 04:00:00,17,0.0,1.0,0.1,0.5499999999999999,0.3548387096774194,7.451612903225806,0.0,0.007552270011947432,0.04402927120669056
0,0,0,2007-04-10 04:00:00,0,0.0,0.0,0.0,0.0,0.3548387096774194,7.193548387096774,0.0,0.007552270011947432,0.04402927120669056
0,0,0,2007-04-11 04:00:00,1,0.0,0.0,0.0,0.0,0.3548387096774194,6.935483870967742,0.0,0.007552270011947432,0.04402927120669056
0,0,0,2007-04-12 04:00:00,2,0.0,0.0,0.0,0.0,0.3548387096774194,6.67741935483871,0.0,0.007552270011947432,0.04402927120669056
0,0,0,2007-04-13 04:00:00,3,0.0,0.0,0.0,0.0,0.3548387096774194,6.419354838709677,0.0,0.007552270011947432,0.04402927120669056
0,0,0,2007-04-14 04:00:00,4,0.0,0.0,0.0,0.0,0.22580645161290322,6.161290322580645,0.0,0.006088709677419355,0.03169354838709677
0,0,0,2007-04-15 04:00:00,5,0.0,0.0,0.0,0.0,0.22580645161290322,6.32258064516129,0.0,0.006088709677419355,0.03169354838709677
0,0,0,2007-04-16 04:00:00,6,0.0,0.0,0.0,0.0,0.22580645161290322,6.483870967741935,0.0,0.006088709677419355,0.03169354838709677
0,0,0,2007-04-17 04:00:00,7,0.0,0.0,0.0,0.0,0.22580645161290322,6.645161290322581,0.0,0.006088709677419355,0.03169354838709677
0,0,0,2007-04-18 04:00:00,8,0.0,7.0,-0.2234126984126984,0.6424603174603175,0.45161290322580644,6.806451612903226,0.0,-0.0011181515616999482,0.052418074756784436
0,0,0,2007-04-19 04:00:00,0,0.0,9.0,0.2277777777777777,0.4037037037037037,0.7419354838709677,6.67741935483871,0.0,0.006229518689196106,0.06544077487625875
0,0,0,2007-04-20 04:00:00,0,0.0,0.0,0.0,0.0,0.7419354838709677,6.516129032258065,0.0,0.006229518689196106,0.06544077487625875
0,0,0,2007-04-21 04:00:00,1,0.0,0.0,0.0,0.0,0.7419354838709677,6.354838709677419,0.0,0.006229518689196106,0.06544077487625875
0,0,0,2007-04-22 04:00:00,2,0.0,0.0,0.0,0.0,0.5483870967741935,6.193548387096774,0.0,0.0033666154633896547,0.05148916197303294
0,0,0,2007-04-23 04:00:00,3,0.0,0.0,0.0,0.0,0.5483870967741935,6.290322580645161,0.0,0.0033666154633896547,0.05148916197303294
0,0,0,2007-04-24 04:00:00,4,0.0,2.0,0.16249999999999998,0.75,0.6129032258064516,6.387096774193548,0.0,0.008608550947260622,0.07568271036012972
0,0,0,2007-04-25 04:00:00,0,0.0,0.0,0.0,0.0,0.6129032258064516,6.32258064516129,0.0,0.00860855094726062,0.07568271036012972
0,0,0,2007-04-26 04:00:00,1,0.0,0.0,0.0,0.0,0.6129032258064516,6.258064516129032,0.0,0.008608550947260622,0.07568271036012972
0,0,0,2007-04-27 04:00:00,2,0.0,0.0,0.0,0.0,0.6129032258064516,6.193548387096774,0.0,0.00860855094726062,0.07568271036012972
0,0,0,2007-04-28 04:00:00,3,0.0,0.0,0.0,0.0,0.6129032258064516,6.129032258064516,0.0,0.008608550947260622,0.07568271036012972
0,0,0,2007-04-29 04:00:00,4,0.0,0.0,0.0,0.0,0.6129032258064516,6.064516129032258,0.0,0.00860855094726062,0.07568271036012972
0,0,0,2007-04-30 04:00:00,5,0.0,0.0,0.0,0.0,0.6129032258064516,6.0,0.0,0.008608550947260622,0.07568271036012972
0,0,0,2007-05-01 04:00:00,6,0.0,0.0,0.0,0.0,0.6333333333333333,5.833333333333333,0.0,0.008895502645502642,0.07820546737213403
0,0,0,2007-05-02 04:00:00,7,0.0,0.0,0.0,0.0,0.6333333333333333,5.733333333333333,0.0,0.008895502645502644,0.07820546737213403
0,0,0,2007-05-03 04:00:00,8,0.1,10.0,0.024166666666666663,0.4913333333333334,0.9666666666666667,5.633333333333334,0.0033333333333333335,0.0097010582010582,0.09458324514991182
0,0,0,2007-05-04 04:00:00,0,0.0,0.0,0.0,0.0,0.9666666666666667,5.233333333333333,0.0033333333333333335,0.0097010582010582,0.0945832451499118
0,0,0,2007-05-05 04:00:00,1,0.0,7.0,0.07380952380952381,0.4349206349206349,1.2,4.833333333333333,0.0033333333333333335,0.012161375661375658,0.10908059964726631
0,0,0,2007-05-06 04:00:00,0,0.0,19.0,0.034868421052631576,0.3449561403508771,1.8333333333333333,4.366666666666666,0.0033333333333333335,0.013323656363130043,0.12057913765896222
0,0,0,2007-05-07 04:00:00,0,0.0,0.0,0.0,0.0,1.8333333333333333,3.8666666666666667,0.0033333333333333335,0.013323656363130043,0.12057913765896222
0,0,0,2007-05-08 04:00:00,1,0.0,0.0,0.0,0.0,1.8333333333333333,3.3666666666666667,0.0033333333333333335,0.013323656363130043,0.12057913765896222
0,0,0,2007-05-09 04:00:00,2,0.0,0.0,0.0,0.0,1.8,2.8666666666666667,0.0033333333333333335,0.00999032302979671,0.10224580432562888
0,0,0,2007-05-10 04:00:00,3,0.0,0.0,0.0,0.0,1.8,2.966666666666667,0.0033333333333333335,0.00999032302979671,0.1022458043256289
0,0,0,2007-05-11 04:00:00,4,0.0,0.0,0.0,0.0,1.8,3.066666666666667,0.0033333333333333335,0.00999032302979671,0.1022458043256289
0,0,0,2007-05-12 04:00:00,5,0.0,0.0,0.0,0.0,1.8,3.1666666666666665,0.0033333333333333335,0.00999032302979671,0.1022458043256289
0,0,0,2007-05-13 04:00:00,6,0.0,0.0,0.0,0.0,1.8,3.2666666666666666,0.0033333333333333335,0.00999032302979671,0.1022458043256289
0,0,0,2007-05-14 04:00:00,7,0.0,0.0,0.0,0.0,1.8,3.3666666666666667,0.0033333333333333335,0.00999032302979671,0.1022458043256289
0,0,0,2007-05-15 04:00:00,8,0.0,0.0,0.0,0.0,1.8,3.466666666666667,0.0033333333333333335,0.00999032302979671,0.1022458043256289
0,0,0,2007-05-16 04:00:00,9,0.0,0.0,0.0,0.0,1.8,3.566666666666667,0.0033333333333333335,0.00999032302979671,0.1022458043256289
0,0,0,2007-05-17 04:00:00,10,0.0,0.0,0.0,0.0,1.8,3.6666666666666665,0.0033333333333333335,0.00999032302979671,0.1022458043256289
0,0,0,2007-05-18 04:00:00,11,0.0,0.0,0.0,0.0,1.5666666666666667,3.7666666666666666,0.0033333333333333335,0.017437412976886658,0.08083046041028498
0,0,0,2007-05-19 04:00:00,12,0.0,4.0,0.05,0.125,1.4,4.166666666666667,0.0033333333333333335,0.011511487050960733,0.07154033695349485
0,0,0,2007-05-20 04:00:00,0,0.0,4.0,0.3875,0.6375,1.5333333333333334,4.166666666666667,0.0033333333333333335,0.024428153717627403,0.09279033695349484
0,0,0,2007-05-21 04:00:00,0,0.5,4.0,0.018750000000000003,0.3875,1.6666666666666667,4.133333333333334,0.02,0.0250531537176274,0.1057070036201615
0,0,0,2007-05-22 04:00:00,0,0.0,0.0,0.0,0.0,1.6666666666666667,4.066666666666666,0.02,0.0250531537176274,0.10570700362016151
0,0,0,2007-05-23 04:00:00,1,0.0,0.0,0.0,0.0,1.6666666666666667,4.0,0.02,0.0250531537176274,0.10570700362016151
0,0,0,2007-05-24 04:00:00,2,0.0,0.0,0.0,0.0,1.6,3.933333333333333,0.02,0.019636487050960733,0.08070700362016152
0,0,0,2007-05-25 04:00:00,3,0.0,2.0,0.26666666666666666,0.7333333333333334,1.6666666666666667,4.033333333333333,0.02,0.028525375939849624,0.10515144806460595
0,0,0,2007-05-26 04:00:00,0,0.0,0.0,0.0,0.0,1.6666666666666667,4.0,0.02,0.02852537593984962,0.10515144806460595
0,0,0,2007-05-27 04:00:00,1,0.45,6.333333333333332,0.17919047619047618,0.2291369047619048,1.8777777777777775,3.966666666666667,0.035,0.0344983918128655,0.1127893448900028
0,0,0,2007-05-28 04:00:00,0,0.3333333333333333,6.0,0.21375,0.51,2.0777777777777775,3.8666666666666667,0.04611111111111111,0.04162339181286549,0.1297893448900028
0,0,0,2007-05-29 04:00:00,0,0.0,0.0,0.0,0.0,2.0777777777777775,3.7333333333333334,0.04611111111111111,0.04162339181286549,0.12978934489000277
0,0,0,2007-05-30 04:00:00,1,0.0,0.0,0.0,0.0,2.0777777777777775,3.6,0.04611111111111111,0.04162339181286549,0.12978934489000277
0,0,0,2007-05-31 04:00:00,2,0.0,0.0,0.0,0.0,2.010752688172043,3.5483870967741935,0.044623655913978495,0.040280701754385966,0.12560259182903494
0,0,0,2007-06-01 04:00:00,3,0.0,0.0,0.0,0.0,2.010752688172043,3.4516129032258065,0.044623655913978495,0.040280701754385966,0.12560259182903497
0,0,0,2007-06-02 04:00:00,4,0.0,0.0,0.0,0.0,2.010752688172043,3.3548387096774195,0.044623655913978495,0.040280701754385966,0.12560259182903494
0,0,0,2007-06-03 04:00:00,5,0.0,0.0,0.0,0.0,1.6881720430107525,3.2580645161290325,0.04139784946236559,0.03950113186191285,0.10975312946344354
0,0,0,2007-06-04 04:00:00,6,0.0,0.0,0.0,0.0,1.6881720430107525,3.4516129032258065,0.04139784946236559,0.03950113186191285,0.10975312946344354
0,0,0,2007-06-05 04:00:00,7,0.0,0.0,0.0,0.0,1.4623655913978493,3.6451612903225805,0.04139784946236559,0.03712017948096046,0.09572343156277792
0,0,0,2007-06-06 04:00:00,8,0.0,0.0,0.0,0.0,0.8494623655913978,3.903225806451613,0.04139784946236559,0.03599539170506912,0.08459581413210446
0,0,0,2007-06-07 04:00:00,9,0.0,0.0,0.0,0.0,0.8494623655913978,4.193548387096774,0.04139784946236559,0.03599539170506912,0.08459581413210446
0,0,0,2007-06-08 04:00:00,10,0.0,0.0,0.0,0.0,0.8494623655913978,4.483870967741935,0.04139784946236559,0.03599539170506912,0.08459581413210446
0,0,0,2007-06-09 04:00:00,11,0.0,0.0,0.0,0.0,0.8494623655913978,4.774193548387097,0.04139784946236559,0.03599539170506912,0.08459581413210447
0,0,0,2007-06-10 04:00:00,12,0.0,0.0,0.0,0.0,0.8494623655913978,5.064516129032258,0.04139784946236559,0.03599539170506912,0.08459581413210446
0,0,0,2007-06-11 04:00:00,13,0.0,0.0,0.0,0.0,0.8494623655913978,5.354838709677419,0.04139784946236559,0.03599539170506912,0.08459581413210446
0,0,0,2007-06-12 04:00:00,14,0.0,8.0,0.03385416666666667,0.40625,1.10752688172043,5.645161290322581,0.04139784946236559,0.03708746159754225,0.09770065284178188
0,0,0,2007-06-13 04:00:00,0,0.0,0.0,0.0,0.0,1.10752688172043,5.451612903225806,0.04139784946236559,0.03708746159754225,0.0977006528417819
0,0,0,2007-06-14 04:00:00,1,0.0,0.0,0.0,0.0,1.10752688172043,5.258064516129032,0.04139784946236559,0.03708746159754225,0.0977006528417819
0,0,0,2007-06-15 04:00:00,2,0.0,0.0,0.0,0.0,1.10752688172043,5.064516129032258,0.04139784946236559,0.03708746159754225,0.0977006528417819
0,0,0,2007-06-16 04:00:00,3,0.0,0.0,0.0,0.0,1.10752688172043,4.870967741935484,0.04139784946236559,0.03708746159754225,0.0977006528417819
0,0,0,2007-06-17 04:00:00,4,0.0,0.0,0.0,0.0,1.10752688172043,4.67741935483871,0.04139784946236559,0.03708746159754225,0.0977006528417819
0,0,0,2007-06-18 04:00:00,5,0.0,0.0,0.0,0.0,1.10752688172043,4.483870967741935,0.04139784946236559,0.03708746159754225,0.0977006528417819
0,0,0,2007-06-19 04:00:00,6,0.0,0.0,0.0,0.0,0.9784946236559139,4.290322580645161,0.04139784946236559,0.03547455837173579,0.09366839477726575
0,0,0,2007-06-20 04:00:00,7,0.0,0.0,0.0,0.0,0.8494623655913978,4.516129032258065,0.04139784946236559,0.022974558371735794,0.07310387864823349
0,0,0,2007-06-21 04:00:00,8,0.0,0.0,0.0,0.0,0.7204301075268816,4.774193548387097,0.025268817204301075,0.022369719662058373,0.06060387864823349
0,0,0,2007-06-22 04:00:00,9,0.0,0.0,0.0,0.0,0.7204301075268816,5.064516129032258,0.025268817204301075,0.022369719662058373,0.06060387864823349
0,0,0,2007-06-23 04:00:00,10,0.0,0.0,0.0,0.0,0.7204301075268816,5.354838709677419,0.025268817204301075,0.022369719662058373,0.06060387864823349
0,0,0,2007-06-24 04:00:00,11,0.0,0.0,0.0,0.0,0.7204301075268816,5.645161290322581,0.025268817204301075,0.022369719662058373,0.06060387864823349
0,0,0,2007-06-25 04:00:00,12,0.0,0.0,0.0,0.0,0.6559139784946236,5.935483870967742,0.025268817204301075,0.013767569124423963,0.03694796466973886
0,0,0,2007-06-26 04:00:00,13,0.0,0.0,0.0,0.0,0.6559139784946236,6.354838709677419,0.025268817204301075,0.013767569124423963,0.03694796466973886
0,0,0,2007-06-27 04:00:00,14,0.0,0.0,0.0,0.0,0.45161290322580644,6.774193548387097,0.01075268817204301,0.0079872311827957,0.029556451612903226
0,0,0,2007-06-28 04:00:00,15,0.0,0.0,0.0,0.0,0.25806451612903225,7.258064516129032,0.0,0.0010920698924731184,0.01310483870967742
0,0,0,2007-06-29 04:00:00,16,0.0,0.0,0.0,0.0,0.25806451612903225,7.774193548387097,0.0,0.0010920698924731184,0.01310483870967742
0,0,0,2007-06-30 04:00:00,17,0.0,0.0,0.0,0.0,0.25806451612903225,8.290322580645162,0.0,0.0010920698924731184,0.01310483870967742
0,0,0,2007-07-01 04:00:00,18,0.0,0.0,0.0,0.0,0.26666666666666666,9.0,0.0,0.0011284722222222223,0.013541666666666667
0,0,0,2007-07-02 04:00:00,19,0.0,0.0,0.0,0.0,0.26666666666666666,9.5,0.0,0.0011284722222222223,0.013541666666666667
0,0,0,2007-07-03 04:00:00,20,0.0,0.0,0.0,0.0,0.26666666666666666,10.0,0.0,0.0011284722222222223,0.013541666666666667
0,0,0,2007-07-04 04:00:00,21,0.0,0.0,0.0,0.0,0.26666666666666666,10.5,0.0,0.0011284722222222223,0.013541666666666667
0,0,0,2007-07-05 04:00:00,22,0.0,0.0,0.0,0.0,0.26666666666666666,11.0,0.0,0.0011284722222222223,0.013541666666666667
0,0,0,2007-07-06 04:00:00,23,0.0,0.0,0.0,0.0,0.26666666666666666,11.5,0.0,0.0011284722222222223,0.013541666666666667
0,0,0,2007-07-07 04:00:00,24,0.0,0.0,0.0,0.0,0.26666666666666666,12.0,0.0,0.0011284722222222223,0.013541666666666667
0,0,0,2007-07-08 04:00:00,25,0.0,0.0,0.0,0.0,0.26666666666666666,12.5,0.0,0.0011284722222222223,0.013541666666666667
0,0,0,2007-07-09 04:00:00,26,0.0,0.0,0.0,0.0,0.26666666666666666,13.0,0.0,0.0011284722222222223,0.013541666666666667
0,0,0,2007-07-10 04:00:00,27,0.0,0.0,0.0,0.0,0.26666666666666666,13.5,0.0,0.0011284722222222223,0.013541666666666667
0,0,0,2007-07-11 04:00:00,28,0.0,0.0,0.0,0.0,0.26666666666666666,14.0,0.0,0.0011284722222222223,0.013541666666666667
0,0,0,2007-07-12 04:00:00,29,0.0,0.0,0.0,0.0,0.0,14.5,0.0,0.0,0.0
0,0,0,2007-07-13 04:00:00,30,0.0,0.0,0.0,0.0,0.0,15.5,0.0,0.0,0.0
0,0,0,2007-07-14 04:00:00,31,0.0,0.0,0.0,0.0,0.0,16.5,0.0,0.0,0.0
0,0,0,2007-07-15 04:00:00,32,0.0,0.0,0.0,0.0,0.0,17.5,0.0,0.0,0.0
0,0,0,2007-07-16 04:00:00,33,0.0,0.0,0.0,0.0,0.0,18.5,0.0,0.0,0.0
0,0,0,2007-07-17 04:00:00,34,0.0,0.0,0.0,0.0,0.0,19.5,0.0,0.0,0.0
0,0,0,2007-07-18 04:00:00,35,0.0,0.0,0.0,0.0,0.0,20.5,0.0,0.0,0.0
0,0,0,2007-07-19 04:00:00,36,0.0,0.0,0.0,0.0,0.0,21.5,0.0,0.0,0.0
0,0,0,2007-07-20 04:00:00,37,0.0,0.0,0.0,0.0,0.0,22.5,0.0,0.0,0.0
0,0,0,2007-07-21 04:00:00,38,0.0,0.0,0.0,0.0,0.0,23.5,0.0,0.0,0.0
0,0,0,2007-07-22 04:00:00,39,0.0,0.0,0.0,0.0,0.0,24.5,0.0,0.0,0.0
0,0,0,2007-07-23 04:00:00,40,0.0,0.0,0.0,0.0,0.0,25.5,0.0,0.0,0.0
0,0,0,2007-07-24 04:00:00,41,0.0,0.0,0.0,0.0,0.0,26.5,0.0,0.0,0.0
0,0,0,2007-07-25 04:00:00,42,0.0,0.0,0.0,0.0,0.0,27.5,0.0,0.0,0.0
0,0,0,2007-07-26 04:00:00,43,0.0,0.0,0.0,0.0,0.0,28.5,0.0,0.0,0.0
0,0,0,2007-07-27 04:00:00,44,0.0,0.0,0.0,0.0,0.0,29.5,0.0,0.0,0.0
0,0,0,2007-07-28 04:00:00,45,0.0,0.0,0.0,0.0,0.0,30.5,0.0,0.0,0.0
0,0,0,2007-07-29 04:00:00,46,0.0,0.0,0.0,0.0,0.0,31.5,0.0,0.0,0.0
0,0,0,2007-07-30 04:00:00,47,0.0,0.0,0.0,0.0,0.0,32.5,0.0,0.0,0.0
0,0,0,2007-07-31 04:00:00,48,0.0,0.0,0.0,0.0,0.0,33.0,0.0,0.0,0.0
0,0,0,2007-08-01 04:00:00,49,0.0,0.0,0.0,0.0,0.0,34.0,0.0,0.0,0.0
0,0,0,2007-08-02 04:00:00,50,0.0,0.0,0.0,0.0,0.0,35.0,0.0,0.0,0.0
0,0,0,2007-08-03 04:00:00,51,0.0,0.0,0.0,0.0,0.0,36.0,0.0,0.0,0.0
0,0,0,2007-08-04 04:00:00,52,0.0,0.0,0.0,0.0,0.0,37.0,0.0,0.0,0.0
0,0,0,2007-08-05 04:00:00,53,0.0,4.0,-0.159375,0.3625,0.12903225806451613,38.0,0.0,-0.005141129032258064,0.011693548387096775
0,0,0,2007-08-06 04:00:00,0,0.0,0.0,0.0,0.0,0.12903225806451613,37.25806451612903,0.0,-0.005141129032258064,0.011693548387096775
0,0,0,2007-08-07 04:00:00,1,0.0,0.0,0.0,0.0,0.12903225806451613,36.516129032258064,0.0,-0.005141129032258064,0.011693548387096775
0,0,0,2007-08-08 04:00:00,2,0.0,0.0,0.0,0.0,0.12903225806451613,35.774193548387096,0.0,-0.005141129032258064,0.011693548387096775
0,0,0,2007-08-09 04:00:00,3,0.0,0.0,0.0,0.0,0.12903225806451613,35.03225806451613,0.0,-0.005141129032258064,0.011693548387096775
0,0,0,2007-08-10 04:00:00,4,0.0,0.0,0.0,0.0,0.12903225806451613,34.29032258064516,0.0,-0.005141129032258064,0.011693548387096775
0,0,0,2007-08-11 04:00:00,5,0.0,0.0,0.0,0.0,0.12903225806451613,33.54838709677419,0.0,-0.005141129032258064,0.011693548387096775
0,0,0,2007-08-12 04:00:00,6,0.0,0.0,0.0,0.0,0.12903225806451613,32.806451612903224,0.0,-0.005141129032258064,0.011693548387096775
0,0,0,2007-08-13 04:00:00,7,0.0,0.0,0.0,0.0,0.12903225806451613,32.064516129032256,0.0,-0.005141129032258064,0.011693548387096775
0,0,0,2007-08-14 04:00:00,8,0.0,0.0,0.0,0.0,0.12903225806451613,31.322580645161292,0.0,-0.005141129032258064,0.011693548387096775
0,0,0,2007-08-15 04:00:00,9,0.0,0.0,0.0,0.0,0.12903225806451613,30.580645161290324,0.0,-0.005141129032258064,0.011693548387096775
0,0,0,2007-08-16 04:00:00,10,0.0,0.0,0.0,0.0,0.12903225806451613,29.838709677419356,0.0,-0.005141129032258064,0.011693548387096775
0,0,0,2007-08-17 04:00:00,11,0.0,0.0,0.0,0.0,0.12903225806451613,29.096774193548388,0.0,-0.005141129032258064,0.011693548387096775
0,0,0,2007-08-18 04:00:00,12,0.0,0.0,0.0,0.0,0.12903225806451613,28.35483870967742,0.0,-0.005141129032258064,0.011693548387096775
0,0,0,2007-08-19 04:00:00,13,0.0,0.0,0.0,0.0,0.12903225806451613,27.612903225806452,0.0,-0.005141129032258064,0.011693548387096775
0,0,0,2007-08-20 04:00:00,14,0.0,0.0,0.0,0.0,0.12903225806451613,26.870967741935484,0.0,-0.005141129032258064,0.011693548387096775
0,0,0,2007-08-21 04:00:00,15,0.0,0.0,0.0,0.0,0.12903225806451613,26.129032258064516,0.0,-0.005141129032258064,0.011693548387096775
0,0,0,2007-08-22 04:00:00,16,0.0,0.0,0.0,0.0,0.12903225806451613,25.387096774193548,0.0,-0.005141129032258064,0.011693548387096775
0,0,0,2007-08-23 04:00:00,17,0.0,0.0,0.0,0.0,0.12903225806451613,24.64516129032258,0.0,-0.005141129032258064,0.011693548387096775
0,0,0,2007-08-24 04:00:00,18,0.0,0.0,0.0,0.0,0.12903225806451613,23.903225806451612,0.0,-0.005141129032258064,0.011693548387096775
0,0,0,2007-08-25 04:00:00,19,0.0,0.0,0.0,0.0,0.12903225806451613,23.161290322580644,0.0,-0.005141129032258064,0.011693548387096775
0,0,0,2007-08-26 04:00:00,20,0.0,0.0,0.0,0.0,0.12903225806451613,22.419354838709676,0.0,-0.005141129032258064,0.011693548387096775
0,0,0,2007-08-27 04:00:00,21,0.0,0.0,0.0,0.0,0.12903225806451613,21.677419354838708,0.0,-0.005141129032258064,0.011693548387096775
0,0,0,2007-08-28 04:00:00,22,0.0,0.0,0.0,0.0,0.12903225806451613,20.93548387096774,0.0,-0.005141129032258064,0.011693548387096775
0,0,0,2007-08-29 04:00:00,23,0.0,0.0,0.0,0.0,0.12903225806451613,20.193548387096776,0.0,-0.005141129032258064,0.011693548387096775
0,0,0,2007-08-30 04:00:00,24,0.0,0.0,0.0,0.0,0.12903225806451613,19.451612903225808,0.0,-0.005141129032258064,0.011693548387096775
0,0,0,2007-08-31 04:00:00,25,0.0,0.0,0.0,0.0,0.12903225806451613,18.70967741935484,0.0,-0.005141129032258064,0.011693548387096775
0,0,0,2007-09-01 04:00:00,26,0.0,0.0,0.0,0.0,0.12903225806451613,17.967741935483872,0.0,-0.005141129032258064,0.011693548387096775
0,0,0,2007-09-02 04:00:00,27,0.0,0.0,0.0,0.0,0.12903225806451613,17.225806451612904,0.0,-0.005141129032258064,0.011693548387096775
0,0,0,2007-09-03 04:00:00,28,0.0,0.0,0.0,0.0,0.12903225806451613,16.483870967741936,0.0,-0.005141129032258064,0.011693548387096775
0,0,0,2007-09-04 04:00:00,29,0.0,0.0,0.0,0.0,0.12903225806451613,15.741935483870968,0.0,-0.005141129032258064,0.011693548387096775
0,0,0,2007-09-05 04:00:00,30,0.0,0.0,0.0,0.0,0.0,15.0,0.0,0.0,0.0
0,0,0,2007-09-06 04:00:00,31,0.0,0.0,0.0,0.0,0.0,16.0,0.0,0.0,0.0
0,0,0,2007-09-07 04:00:00,32,0.0,0.0,0.0,0.0,0.0,17.0,0.0,0.0,0.0
0,0,0,2007-09-08 04:00:00,33,0.0,0.0,0.0,0.0,0.0,18.0,0.0,0.0,0.0
0,0,0,2007-09-09 04:00:00,34,0.0,0.0,0.0,0.0,0.0,19.0,0.0,0.0,0.0
0,0,0,2007-09-10 04:00:00,35,0.0,0.0,0.0,0.0,0.0,20.0,0.0,0.0,0.0
0,0,0,2007-09-11 04:00:00,36,0.0,0.0,0.0,0.0,0.0,21.0,0.0,0.0,0.0
0,0,0,2007-09-12 04:00:00,37,0.0,0.0,0.0,0.0,0.0,22.0,0.0,0.0,0.0
0,0,0,2007-09-13 04:00:00,38,0.0,0.0,0.0,0.0,0.0,23.0,0.0,0.0,0.0
0,0,0,2007-09-14 04:00:00,39,0.0,0.0,0.0,0.0,0.0,24.0,0.0,0.0,0.0
0,0,0,2007-09-15 04:00:00,40,0.0,0.0,0.0,0.0,0.0,25.0,0.0,0.0,0.0
0,0,0,2007-09-16 04:00:00,41,0.0,0.0,0.0,0.0,0.0,26.0,0.0,0.0,0.0
0,0,0,2007-09-17 04:00:00,42,0.0,0.0,0.0,0.0,0.0,27.0,0.0,0.0,0.0
0,0,0,2007-09-18 04:00:00,43,0.0,0.0,0.0,0.0,0.0,28.0,0.0,0.0,0.0
0,0,0,2007-09-19 04:00:00,44,0.0,0.0,0.0,0.0,0.0,29.0,0.0,0.0,0.0
0,0,0,2007-09-20 04:00:00,45,0.0,0.0,0.0,0.0,0.0,30.0,0.0,0.0,0.0
0,0,0,2007-09-21 04:00:00,46,0.0,0.0,0.0,0.0,0.0,31.0,0.0,0.0,0.0
0,0,0,2007-09-22 04:00:00,47,0.0,0.0,0.0,0.0,0.0,32.0,0.0,0.0,0.0
0,0,0,2007-09-23 04:00:00,48,0.0,0.0,0.0,0.0,0.0,33.0,0.0,0.0,0.0
0,0,0,2007-09-24 04:00:00,49,0.0,0.0,0.0,0.0,0.0,34.0,0.0,0.0,0.0
0,0,0,2007-09-25 04:00:00,50,0.0,0.0,0.0,0.0,0.0,35.0,0.0,0.0,0.0
0,0,0,2007-09-26 04:00:00,51,0.0,0.0,0.0,0.0,0.0,36.0,0.0,0.0,0.0
0,0,0,2007-09-27 04:00:00,52,0.0,0.0,0.0,0.0,0.0,37.0,0.0,0.0,0.0
0,0,0,2007-09-28 04:00:00,53,0.0,0.0,0.0,0.0,0.0,38.0,0.0,0.0,0.0
0,0,0,2007-09-29 04:00:00,54,0.0,0.0,0.0,0.0,0.0,39.0,0.0,0.0,0.0
0,0,0,2007-09-30 04:00:00,55,0.0,0.0,0.0,0.0,0.0,40.0,0.0,0.0,0.0
0,0,0,2007-10-01 04:00:00,56,0.0,0.0,0.0,0.0,0.0,41.5,0.0,0.0,0.0
0,0,0,2007-10-02 04:00:00,57,0.0,0.0,0.0,0.0,0.0,42.5,0.0,0.0,0.0
0,0,0,2007-10-03 04:00:00,58,0.0,0.0,0.0,0.0,0.0,43.5,0.0,0.0,0.0
0,0,0,2007-10-04 04:00:00,59,0.0,1.5,-0.01111111111111111,0.14930555555555558,0.05,44.5,0.0,-0.00037037037037037035,0.004976851851851853
0,0,0,2007-10-05 04:00:00,0,0.0,0.0,0.0,0.0,0.05,43.5,0.0,-0.00037037037037037035,0.004976851851851853
0,0,0,2007-10-06 04:00:00,1,0.0,0.0,0.0,0.0,0.05,42.5,0.0,-0.00037037037037037035,0.004976851851851853
0,0,0,2007-10-07 04:00:00,2,0.0,0.0,0.0,0.0,0.05,41.5,0.0,-0.00037037037037037035,0.004976851851851853
0,0,0,2007-10-08 04:00:00,3,0.0,0.0,0.0,0.0,0.05,40.5,0.0,-0.00037037037037037035,0.004976851851851853
0,0,0,2007-10-09 04:00:00,4,0.0,0.0,0.0,0.0,0.05,39.5,0.0,-0.00037037037037037035,0.004976851851851853
0,0,0,2007-10-10 04:00:00,5,0.0,0.0,0.0,0.0,0.05,38.5,0.0,-0.00037037037037037035,0.004976851851851853
0,0,0,2007-10-11 04:00:00,6,0.0,0.0,0.0,0.0,0.05,37.5,0.0,-0.00037037037037037035,0.004976851851851853
0,0,0,2007-10-12 04:00:00,7,0.0,0.0,0.0,0.0,0.05,36.5,0.0,-0.00037037037037037035,0.004976851851851853
0,0,0,2007-10-13 04:00:00,8,0.27586206896551724,4.333333333333333,0.0532183908045977,0.2235632183908046,0.19444444444444445,35.5,0.009195402298850575,0.001403575989782886,0.01242895913154534
0,0,0,2007-10-14 04:00:00,0,0.0,0.0,0.0,0.0,0.19444444444444445,34.2,0.009195402298850575,0.001403575989782886,0.01242895913154534
0,0,0,2007-10-15 04:00:00,1,0.2692307692307692,4.4,0.01939102564102564,0.14487179487179486,0.34111111111111114,32.9,0.018169761273209552,0.0020499435111504074,0.017258018960605172
0,0,0,2007-10-16 04:00:00,0,0.0,0.0,0.0,0.0,0.34111111111111114,31.533333333333335,0.018169761273209552,0.0020499435111504074,0.01725801896060517
0,0,0,2007-10-17 04:00:00,1,0.0,0.0,0.0,0.0,0.34111111111111114,30.166666666666668,0.018169761273209552,0.0020499435111504074,0.017258018960605172
0,0,0,2007-10-18 04:00:00,2,0.0,0.0,0.0,0.0,0.34111111111111114,28.8,0.018169761273209552,0.0020499435111504074,0.017258018960605172
0,0,0,2007-10-19 04:00:00,3,0.0,0.0,0.0,0.0,0.34111111111111114,27.433333333333334,0.018169761273209552,0.0020499435111504074,0.017258018960605172
0,0,0,2007-10-20 04:00:00,4,0.0,0.0,0.0,0.0,0.34111111111111114,26.066666666666666,0.018169761273209552,0.0020499435111504074,0.01725801896060517
0,0,0,2007-10-21 04:00:00,5,0.0,0.0,0.0,0.0,0.34111111111111114,24.7,0.018169761273209552,0.0020499435111504074,0.017258018960605172
0,0,0,2007-10-22 04:00:00,6,0.0,0.0,0.0,0.0,0.34111111111111114,23.333333333333332,0.018169761273209552,0.0020499435111504074,0.017258018960605172
0,0,0,2007-10-23 04:00:00,7,0.0,0.0,0.0,0.0,0.34111111111111114,21.966666666666665,0.018169761273209552,0.0020499435111504074,0.017258018960605172
0,0,0,2007-10-24 04:00:00,8,0.0,0.0,0.0,0.0,0.34111111111111114,20.6,0.018169761273209552,0.0020499435111504074,0.01725801896060517
0,0,0,2007-10-25 04:00:00,9,0.0,0.0,0.0,0.0,0.34111111111111114,19.233333333333334,0.018169761273209552,0.0020499435111504074,0.017258018960605172
0,0,0,2007-10-26 04:00:00,10,0.0,0.0,0.0,0.0,0.34111111111111114,17.866666666666667,0.018169761273209552,0.0020499435111504074,0.017258018960605172
0,0,0,2007-10-27 04:00:00,11,0.0,0.0,0.0,0.0,0.34111111111111114,16.5,0.018169761273209552,0.0020499435111504074,0.017258018960605172
0,0,0,2007-10-28 04:00:00,12,0.0,0.0,0.0,0.0,0.34111111111111114,15.133333333333333,0.018169761273209552,0.0020499435111504074,0.01725801896060517
0,0,0,2007-10-29 04:00:00,13,0.0,0.0,0.0,0.0,0.34111111111111114,13.766666666666667,0.018169761273209552,0.0020499435111504074,0.01725801896060517
0,0,0,2007-10-30 04:00:00,14,0.0,0.0,0.0,0.0,0.34111111111111114,12.4,0.018169761273209552,0.0020499435111504074,0.01725801896060517
0,0,0,2007-10-31 04:00:00,15,0.0,0.0,0.0,0.0,0.33010752688172046,12.483870967741936,0.017583639941815693,0.0019838163011132977,0.016701308671553387
0,0,0,2007-11-01 04:00:00,16,0.0,0.0,0.0,0.0,0.33010752688172046,11.193548387096774,0.017583639941815693,0.0019838163011132977,0.016701308671553387
0,0,0,2007-11-02 04:00:00,17,0.0,0.0,0.0,0.0,0.33010752688172046,9.903225806451612,0.017583639941815693,0.0019838163011132977,0.016701308671553387
0,0,0,2007-11-03 04:00:00,18,0.0,0.0,0.0,0.0,0.33010752688172046,8.612903225806452,0.017583639941815693,0.0019838163011132977,0.016701308671553387
0,0,0,2007-11-04 04:00:00,19,0.0,0.0,0.0,0.0,0.2817204301075269,7.32258064516129,0.017583639941815693,0.002342239240181398,0.011885000427825788
0,0,0,2007-11-05 04:00:00,20,0.0,0.0,0.0,0.0,0.2817204301075269,7.967741935483871,0.017583639941815693,0.002342239240181398,0.011885000427825788
0,0,0,2007-11-06 04:00:00,21,0.0,0.0,0.0,0.0,0.2817204301075269,8.612903225806452,0.017583639941815693,0.002342239240181398,0.011885000427825788
0,0,0,2007-11-07 04:00:00,22,0.0,0.0,0.0,0.0,0.2817204301075269,9.258064516129032,0.017583639941815693,0.002342239240181398,0.011885000427825788
0,0,0,2007-11-08 04:00:00,23,0.0,0.0,0.0,0.0,0.2817204301075269,9.903225806451612,0.017583639941815693,0.002342239240181398,0.011885000427825788
0,0,0,2007-11-09 04:00:00,24,0.0,0.0,0.0,0.0,0.2817204301075269,10.548387096774194,0.017583639941815693,0.002342239240181398,0.011885000427825788
0,0,0,2007-11-10 04:00:00,25,0.0,0.0,0.0,0.0,0.2817204301075269,11.193548387096774,0.017583639941815693,0.002342239240181398,0.011885000427825788
0,0,0,2007-11-11 04:00:00,26,0.0,0.0,0.0,0.0,0.2817204301075269,11.838709677419354,0.017583639941815693,0.002342239240181398,0.011885000427825788
0,0,0,2007-11-12 04:00:00,27,0.0,0.0,0.0,0.0,0.2817204301075269,12.483870967741936,0.017583639941815693,0.002342239240181398,0.011885000427825788
0,0,0,2007-11-13 04:00:00,28,0.0,0.0,0.0,0.0,0.14193548387096774,13.129032258064516,0.008684863523573201,0.0006255169561621175,0.004673283705541769
0,0,0,2007-11-14 04:00:00,29,0.0,0.0,0.0,0.0,0.14193548387096774,14.064516129032258,0.008684863523573201,0.0006255169561621175,0.004673283705541769
0,0,0,2007-11-15 04:00:00,30,0.0,0.0,0.0,0.0,0.0,15.0,0.0,0.0,0.0
0,0,0,2007-11-16 04:00:00,31,0.0,0.0,0.0,0.0,0.0,16.0,0.0,0.0,0.0
0,0,0,2007-11-17 04:00:00,32,0.0,0.0,0.0,0.0,0.0,17.0,0.0,0.0,0.0
0,0,0,2007-11-18 04:00:00,33,0.0,0.0,0.0,0.0,0.0,18.0,0.0,0.0,0.0
0,0,0,2007-11-19 04:00:00,34,0.0,0.0,0.0,0.0,0.0,19.0,0.0,0.0,0.0
0,0,0,2007-11-20 04:00:00,35,0.0,0.0,0.0,0.0,0.0,20.0,0.0,0.0,0.0
0,0,0,2007-11-21 04:00:00,36,0.0,0.0,0.0,0.0,0.0,21.0,0.0,0.0,0.0
0,0,0,2007-11-22 04:00:00,37,0.0,0.0,0.0,0.0,0.0,22.0,0.0,0.0,0.0
0,0,0,2007-11-23 04:00:00,38,0.0,0.0,0.0,0.0,0.0,23.0,0.0,0.0,0.0
0,0,0,2007-11-24 04:00:00,39,0.0,0.0,0.0,0.0,0.0,24.0,0.0,0.0,0.0
0,0,0,2007-11-25 04:00:00,40,0.0,0.0,0.0,0.0,0.0,25.0,0.0,0.0,0.0
0,0,0,2007-11-26 04:00:00,41,0.0,0.0,0.0,0.0,0.0,26.0,0.0,0.0,0.0
0,0,0,2007-11-27 04:00:00,42,0.0,0.0,0.0,0.0,0.0,27.0,0.0,0.0,0.0
0,0,0,2007-11-28 04:00:00,43,0.0,0.0,0.0,0.0,0.0,28.0,0.0,0.0,0.0
0,0,0,2007-11-29 04:00:00,44,0.0,0.0,0.0,0.0,0.0,29.0,0.0,0.0,0.0
0,0,0,2007-11-30 04:00:00,45,0.0,4.0,0.15416666666666667,0.39583333333333337,0.12903225806451613,30.0,0.0,0.004973118279569893,0.012768817204301076
0,0,0,2007-12-01 04:00:00,0,0.0,0.0,0.0,0.0,0.13333333333333333,29.966666666666665,0.0,0.005138888888888889,0.013194444444444446
0,0,0,2007-12-02 04:00:00,1,0.0,0.0,0.0,0.0,0.13333333333333333,29.433333333333334,0.0,0.005138888888888889,0.013194444444444446
0,0,0,2007-12-03 04:00:00,2,0.0,0.0,0.0,0.0,0.13333333333333333,28.9,0.0,0.005138888888888889,0.013194444444444446
0,0,0,2007-12-04 04:00:00,3,0.0,0.0,0.0,0.0,0.13333333333333333,28.366666666666667,0.0,0.005138888888888889,0.013194444444444446
0,0,0,2007-12-05 04:00:00,4,0.0,0.0,0.0,0.0,0.13333333333333333,27.833333333333332,0.0,0.005138888888888889,0.013194444444444446
0,0,0,2007-12-06 04:00:00,5,0.0,3.0,0.4333333333333333,0.6222222222222222,0.23333333333333334,27.3,0.0,0.01958333333333333,0.03393518518518519
0,0,0,2007-12-07 04:00:00,0,0.0,0.0,0.0,0.0,0.23333333333333334,26.566666666666666,0.0,0.01958333333333333,0.03393518518518519
0,0,0,2007-12-08 04:00:00,1,0.0,0.0,0.0,0.0,0.23333333333333334,25.833333333333332,0.0,0.01958333333333333,0.03393518518518519
0,0,0,2007-12-09 04:00:00,2,0.0,1.0,0.1166666666666667,0.8833333333333333,0.26666666666666666,25.1,0.0,0.02347222222222222,0.06337962962962963
0,0,0,2007-12-10 04:00:00,0,0.0,0.0,0.0,0.0,0.26666666666666666,24.266666666666666,0.0,0.02347222222222222,0.06337962962962963
0,0,0,2007-12-11 04:00:00,1,0.0,3.0,0.0,0.0,0.36666666666666664,23.433333333333334,0.0,0.02347222222222222,0.06337962962962963
0,0,0,2007-12-12 04:00:00,0,0.0,0.0,0.0,0.0,0.36666666666666664,22.533333333333335,0.0,0.02347222222222222,0.06337962962962963
0,0,0,2007-12-13 04:00:00,1,0.0,0.0,0.0,0.0,0.36666666666666664,21.633333333333333,0.0,0.02347222222222222,0.06337962962962963
0,0,0,2007-12-14 04:00:00,2,0.0,0.0,0.0,0.0,0.36666666666666664,20.733333333333334,0.0,0.02347222222222222,0.06337962962962963
0,0,0,2007-12-15 04:00:00,3,0.0,0.0,0.0,0.0,0.36666666666666664,19.833333333333332,0.0,0.02347222222222222,0.06337962962962963
0,0,0,2007-12-16 04:00:00,4,0.0,0.0,0.0,0.0,0.36666666666666664,18.933333333333334,0.0,0.02347222222222222,0.06337962962962963
0,0,0,2007-12-17 04:00:00,5,0.0,0.0,0.0,0.0,0.36666666666666664,18.033333333333335,0.0,0.02347222222222222,0.06337962962962963
0,0,0,2007-12-18 04:00:00,6,0.0,0.0,0.0,0.0,0.36666666666666664,17.133333333333333,0.0,0.02347222222222222,0.06337962962962963
0,0,0,2007-12-19 04:00:00,7,0.0,0.0,0.0,0.0,0.36666666666666664,16.233333333333334,0.0,0.02347222222222222,0.06337962962962963
0,0,0,2007-12-20 04:00:00,8,0.0,2.0,0.2796875,0.4583333333333334,0.43333333333333335,15.333333333333334,0.0,0.03279513888888889,0.07865740740740741
0,0,0,2007-12-21 04:00:00,0,0.0,0.0,0.0,0.0,0.43333333333333335,14.133333333333333,0.0,0.03279513888888889,0.07865740740740741
0,0,0,2007-12-22 04:00:00,1,0.0,0.0,0.0,0.0,0.43333333333333335,12.933333333333334,0.0,0.03279513888888889,0.07865740740740741
0,0,0,2007-12-23 04:00:00,2,0.0,0.0,0.0,0.0,0.43333333333333335,11.733333333333333,0.0,0.03279513888888889,0.07865740740740741
0,0,0,2007-12-24 04:00:00,3,0.0,0.0,0.0,0.0,0.43333333333333335,10.533333333333333,0.0,0.03279513888888889,0.07865740740740741
0,0,0,2007-12-25 04:00:00,4,0.0,0.0,0.0,0.0,0.43333333333333335,9.333333333333334,0.0,0.03279513888888889,0.07865740740740741
0,0,0,2007-12-26 04:00:00,5,0.0,0.0,0.0,0.0,0.43333333333333335,8.133333333333333,0.0,0.03279513888888889,0.07865740740740741
0,0,0,2007-12-27 04:00:00,6,0.0,0.0,0.0,0.0,0.43333333333333335,6.933333333333334,0.0,0.03279513888888889,0.07865740740740741
0,0,0,2007-12-28 04:00:00,7,0.0,0.0,0.0,0.0,0.43333333333333335,5.733333333333333,0.0,0.03279513888888889,0.07865740740740741
0,0,0,2007-12-29 04:00:00,8,0.0,0.0,0.0,0.0,0.43333333333333335,4.533333333333333,0.0,0.03279513888888889,0.07865740740740741
0,0,0,2007-12-30 04:00:00,9,0.0,0.0,0.0,0.0,0.3,3.3333333333333335,0.0,0.027656249999999997,0.06546296296296297
0,0,0,2007-12-31 04:00:00,10,0.0,0.0,0.0,0.0,0.2903225806451613,3.5483870967741935,0.0,0.026764112903225803,0.06335125448028674
0,0,0,2008-01-01 04:00:00,11,0.0,0.0,0.0,0.0,0.2903225806451613,3.903225806451613,0.0,0.026764112903225803,0.06335125448028674
0,0,0,2008-01-02 04:00:00,12,0.0,0.0,0.0,0.0,0.2903225806451613,4.258064516129032,0.0,0.026764112903225803,0.06335125448028674
0,0,0,2008-01-03 04:00:00,13,0.0,0.0,0.0,0.0,0.2903225806451613,4.612903225806452,0.0,0.026764112903225803,0.06335125448028674
0,0,0,2008-01-04 04:00:00,14,0.0,0.0,0.0,0.0,0.2903225806451613,4.967741935483871,0.0,0.026764112903225803,0.06335125448028674
0,0,0,2008-01-05 04:00:00,15,0.0,0.0,0.0,0.0,0.2903225806451613,5.32258064516129,0.0,0.026764112903225803,0.06335125448028674
0,0,0,2008-01-06 04:00:00,16,0.0,0.0,0.0,0.0,0.1935483870967742,5.67741935483871,0.0,0.012785618279569892,0.04327956989247312
0,0,0,2008-01-07 04:00:00,17,0.0,0.0,0.0,0.0,0.1935483870967742,6.225806451612903,0.0,0.012785618279569892,0.04327956989247312
0,0,0,2008-01-08 04:00:00,18,0.0,0.0,0.0,0.0,0.1935483870967742,6.774193548387097,0.0,0.012785618279569892,0.04327956989247312
0,0,0,2008-01-09 04:00:00,19,0.0,0.0,0.0,0.0,0.16129032258064516,7.32258064516129,0.0,0.009022177419354838,0.014784946236559142
0,0,0,2008-01-10 04:00:00,20,0.0,0.0,0.0,0.0,0.16129032258064516,7.967741935483871,0.0,0.009022177419354838,0.014784946236559142
0,0,0,2008-01-11 04:00:00,21,0.0,0.0,0.0,0.0,0.06451612903225806,8.612903225806452,0.0,0.009022177419354838,0.014784946236559142
0,0,0,2008-01-12 04:00:00,22,0.0,0.0,0.0,0.0,0.06451612903225806,9.32258064516129,0.0,0.009022177419354838,0.014784946236559142
0,0,0,2008-01-13 04:00:00,23,0.0,0.0,0.0,0.0,0.06451612903225806,10.03225806451613,0.0,0.009022177419354838,0.014784946236559142
0,0,0,2008-01-14 04:00:00,24,0.0,0.0,0.0,0.0,0.06451612903225806,10.741935483870968,0.0,0.009022177419354838,0.014784946236559142
0,0,0,2008-01-15 04:00:00,25,0.0,0.0,0.0,0.0,0.06451612903225806,11.451612903225806,0.0,0.009022177419354838,0.014784946236559142
0,0,0,2008-01-16 04:00:00,26,0.0,0.0,0.0,0.0,0.06451612903225806,12.161290322580646,0.0,0.009022177419354838,0.014784946236559142
0,0,0,2008-01-17 04:00:00,27,0.0,0.0,0.0,0.0,0.06451612903225806,12.870967741935484,0.0,0.009022177419354838,0.014784946236559142
0,0,0,2008-01-18 04:00:00,28,0.0,0.0,0.0,0.0,0.06451612903225806,13.580645161290322,0.0,0.009022177419354838,0.014784946236559142
0,0,0,2008-01-19 04:00:00,29,0.0,0.0,0.0,0.0,0.06451612903225806,14.290322580645162,0.0,0.009022177419354838,0.014784946236559142
0,0,0,2008-01-20 04:00:00,30,0.0,0.0,0.0,0.0,0.0,15.0,0.0,0.0,0.0
0,0,0,2008-01-21 04:00:00,31,0.0,0.0,0.0,0.0,0.0,16.0,0.0,0.0,0.0
0,0,0,2008-01-22 04:00:00,32,0.0,0.0,0.0,0.0,0.0,17.0,0.0,0.0,0.0
0,0,0,2008-01-23 04:00:00,33,0.0,0.0,0.0,0.0,0.0,18.0,0.0,0.0,0.0
0,0,0,2008-01-24 04:00:00,34,0.0,0.0,0.0,0.0,0.0,19.0,0.0,0.0,0.0
0,0,0,2008-01-25 04:00:00,35,0.0,0.0,0.0,0.0,0.0,20.0,0.0,0.0,0.0
0,0,0,2008-01-26 04:00:00,36,0.0,0.0,0.0,0.0,0.0,21.0,0.0,0.0,0.0
0,0,0,2008-01-27 04:00:00,37,0.0,0.0,0.0,0.0,0.0,22.0,0.0,0.0,0.0
0,0,0,2008-01-28 04:00:00,38,0.0,0.0,0.0,0.0,0.0,23.0,0.0,0.0,0.0
0,0,0,2008-01-29 04:00:00,39,0.0,0.0,0.0,0.0,0.0,24.0,0.0,0.0,0.0
0,0,0,2008-01-30 04:00:00,40,0.0,0.0,0.0,0.0,0.0,25.0,0.0,0.0,0.0
0,0,0,2008-01-31 04:00:00,41,0.0,0.0,0.0,0.0,0.0,26.0,0.0,0.0,0.0
0,0,0,2008-02-01 04:00:00,42,0.0,0.0,0.0,0.0,0.0,27.0,0.0,0.0,0.0
0,0,0,2008-02-02 04:00:00,43,0.0,0.0,0.0,0.0,0.0,28.0,0.0,0.0,0.0
0,0,0,2008-02-03 04:00:00,44,0.0,0.0,0.0,0.0,0.0,29.0,0.0,0.0,0.0
0,0,0,2008-02-04 04:00:00,45,0.0,0.0,0.0,0.0,0.0,30.0,0.0,0.0,0.0
0,0,0,2008-02-05 04:00:00,46,0.0,0.0,0.0,0.0,0.0,31.0,0.0,0.0,0.0
0,0,0,2008-02-06 04:00:00,47,0.0,0.0,0.0,0.0,0.0,32.0,0.0,0.0,0.0
0,0,0,2008-02-07 04:00:00,48,0.0,0.0,0.0,0.0,0.0,33.0,0.0,0.0,0.0
0,0,0,2008-02-08 04:00:00,49,0.0,0.0,0.0,0.0,0.0,34.0,0.0,0.0,0.0
0,0,0,2008-02-09 04:00:00,50,0.0,0.0,0.0,0.0,0.0,35.0,0.0,0.0,0.0
0,0,0,2008-02-10 04:00:00,51,0.0,0.0,0.0,0.0,0.0,36.0,0.0,0.0,0.0
0,0,0,2008-02-11 04:00:00,52,0.0,0.0,0.0,0.0,0.0,37.0,0.0,0.0,0.0
0,0,0,2008-02-12 04:00:00,53,0.0,0.0,0.0,0.0,0.0,38.0,0.0,0.0,0.0
0,0,0,2008-02-13 04:00:00,54,0.0,0.0,0.0,0.0,0.0,39.0,0.0,0.0,0.0
0,0,0,2008-02-14 04:00:00,55,0.0,0.0,0.0,0.0,0.0,40.0,0.0,0.0,0.0
0,0,0,2008-02-15 04:00:00,56,0.0,0.0,0.0,0.0,0.0,41.0,0.0,0.0,0.0
0,0,0,2008-02-16 04:00:00,57,0.0,0.0,0.0,0.0,0.0,42.0,0.0,0.0,0.0
0,0,0,2008-02-17 04:00:00,58,0.0,0.0,0.0,0.0,0.0,43.0,0.0,0.0,0.0
0,0,0,2008-02-18 04:00:00,59,0.0,0.0,0.0,0.0,0.0,44.0,0.0,0.0,0.0
0,0,0,2008-02-19 04:00:00,60,0.0,0.0,0.0,0.0,0.0,45.0,0.0,0.0,0.0
0,0,0,2008-02-20 04:00:00,61,0.0,0.0,0.0,0.0,0.0,46.0,0.0,0.0,0.0
0,0,0,2008-02-21 04:00:00,62,0.0,0.0,0.0,0.0,0.0,47.0,0.0,0.0,0.0
0,0,0,2008-02-22 04:00:00,63,0.0,0.0,0.0,0.0,0.0,48.0,0.0,0.0,0.0
0,0,0,2008-02-23 04:00:00,64,0.0,0.0,0.0,0.0,0.0,49.0,0.0,0.0,0.0
0,0,0,2008-02-24 04:00:00,65,0.0,0.0,0.0,0.0,0.0,50.0,0.0,0.0,0.0
0,0,0,2008-02-25 04:00:00,66,0.0,0.0,0.0,0.0,0.0,51.0,0.0,0.0,0.0
0,0,0,2008-02-26 04:00:00,67,0.0,0.0,0.0,0.0,0.0,52.0,0.0,0.0,0.0
0,0,0,2008-02-27 04:00:00,68,0.0,0.0,0.0,0.0,0.0,53.0,0.0,0.0,0.0
0,0,0,2008-02-28 04:00:00,69,0.0,0.0,0.0,0.0,0.0,54.0,0.0,0.0,0.0
0,0,0,2008-02-29 04:00:00,70,0.0,0.0,0.0,0.0,0.0,55.0,0.0,0.0,0.0
0,0,0,2008-03-01 04:00:00,71,0.0,0.0,0.0,0.0,0.0,57.0,0.0,0.0,0.0
0,0,0,2008-03-02 04:00:00,72,0.0,0.0,0.0,0.0,0.0,58.0,0.0,0.0,0.0
0,0,0,2008-03-03 04:00:00,73,0.0,0.0,0.0,0.0,0.0,59.0,0.0,0.0,0.0
0,0,0,2008-03-04 04:00:00,74,0.0,0.0,0.0,0.0,0.0,60.0,0.0,0.0,0.0
0,0,0,2008-03-05 04:00:00,75,0.0,0.0,0.0,0.0,0.0,61.0,0.0,0.0,0.0
0,0,0,2008-03-06 04:00:00,76,0.0,0.0,0.0,0.0,0.0,62.0,0.0,0.0,0.0
0,0,0,2008-03-07 04:00:00,77,0.0,0.0,0.0,0.0,0.0,63.0,0.0,0.0,0.0
0,0,0,2008-03-08 04:00:00,78,0.0,0.0,0.0,0.0,0.0,64.0,0.0,0.0,0.0
0,0,0,2008-03-09 04:00:00,79,0.0,0.0,0.0,0.0,0.0,65.0,0.0,0.0,0.0
0,0,0,2008-03-10 04:00:00,80,0.0,0.0,0.0,0.0,0.0,66.0,0.0,0.0,0.0
0,0,0,2008-03-11 04:00:00,81,0.0,0.0,0.0,0.0,0.0,67.0,0.0,0.0,0.0
0,0,0,2008-03-12 04:00:00,82,0.0,0.0,0.0,0.0,0.0,68.0,0.0,0.0,0.0
0,0,0,2008-03-13 04:00:00,83,0.0,0.0,0.0,0.0,0.0,69.0,0.0,0.0,0.0
0,0,0,2008-03-14 04:00:00,84,0.0,0.0,0.0,0.0,0.0,70.0,0.0,0.0,0.0
0,0,0,2008-03-15 04:00:00,85,0.0,0.0,0.0,0.0,0.0,71.0,0.0,0.0,0.0
0,0,0,2008-03-16 04:00:00,86,0.0,0.0,0.0,0.0,0.0,72.0,0.0,0.0,0.0
0,0,0,2008-03-17 04:00:00,87,0.0,0.0,0.0,0.0,0.0,73.0,0.0,0.0,0.0
0,0,0,2008-03-18 04:00:00,88,0.0,0.0,0.0,0.0,0.0,74.0,0.0,0.0,0.0
0,0,0,2008-03-19 04:00:00,89,0.0,0.0,0.0,0.0,0.0,75.0,0.0,0.0,0.0
0,0,0,2008-03-20 04:00:00,90,0.0,0.0,0.0,0.0,0.0,76.0,0.0,0.0,0.0
0,0,0,2008-03-21 04:00:00,91,0.0,0.0,0.0,0.0,0.0,77.0,0.0,0.0,0.0
0,0,0,2008-03-22 04:00:00,92,0.0,0.0,0.0,0.0,0.0,78.0,0.0,0.0,0.0
0,0,0,2008-03-23 04:00:00,93,0.0,0.0,0.0,0.0,0.0,79.0,0.0,0.0,0.0
0,0,0,2008-03-24 04:00:00,94,0.0,0.0,0.0,0.0,0.0,80.0,0.0,0.0,0.0
0,0,0,2008-03-25 04:00:00,95,0.0,0.0,0.0,0.0,0.0,81.0,0.0,0.0,0.0
0,0,0,2008-03-26 04:00:00,96,0.0,0.0,0.0,0.0,0.0,82.0,0.0,0.0,0.0
0,0,0,2008-03-27 04:00:00,97,0.0,0.0,0.0,0.0,0.0,83.0,0.0,0.0,0.0
0,0,0,2008-03-28 04:00:00,98,0.0,0.0,0.0,0.0,0.0,84.0,0.0,0.0,0.0
0,0,0,2008-03-29 04:00:00,99,0.0,0.0,0.0,0.0,0.0,85.0,0.0,0.0,0.0
0,0,0,2008-03-30 04:00:00,100,0.0,0.0,0.0,0.0,0.0,85.5,0.0,0.0,0.0
0,0,0,2008-03-31 04:00:00,101,0.0,0.0,0.0,0.0,0.0,86.0,0.0,0.0,0.0
0,0,0,2008-04-01 04:00:00,102,0.0,0.0,0.0,0.0,0.0,87.0,0.0,0.0,0.0
0,0,0,2008-04-02 04:00:00,103,0.0,0.0,0.0,0.0,0.0,88.0,0.0,0.0,0.0
0,0,0,2008-04-03 04:00:00,104,0.0,0.0,0.0,0.0,0.0,89.0,0.0,0.0,0.0
0,0,0,2008-04-04 04:00:00,105,0.0,0.0,0.0,0.0,0.0,90.0,0.0,0.0,0.0
0,0,0,2008-04-05 04:00:00,106,0.0,0.0,0.0,0.0,0.0,91.0,0.0,0.0,0.0
0,0,0,2008-04-06 04:00:00,107,0.0,0.0,0.0,0.0,0.0,92.0,0.0,0.0,0.0
0,0,0,2008-04-07 04:00:00,108,0.0,0.0,0.0,0.0,0.0,93.0,0.0,0.0,0.0
0,0,0,2008-04-08 04:00:00,109,0.0,0.0,0.0,0.0,0.0,94.0,0.0,0.0,0.0
0,0,0,2008-04-09 04:00:00,110,0.0,0.0,0.0,0.0,0.0,95.0,0.0,0.0,0.0
0,0,0,2008-04-10 04:00:00,111,0.0,0.0,0.0,0.0,0.0,96.0,0.0,0.0,0.0
0,0,0,2008-04-11 04:00:00,112,0.0,0.0,0.0,0.0,0.0,97.0,0.0,0.0,0.0
0,0,0,2008-04-12 04:00:00,113,0.0,0.0,0.0,0.0,0.0,98.0,0.0,0.0,0.0
0,0,0,2008-04-13 04:00:00,114,0.0,0.0,0.0,0.0,0.0,99.0,0.0,0.0,0.0
0,0,0,2008-04-14 04:00:00,115,0.0,0.0,0.0,0.0,0.0,100.0,0.0,0.0,0.0
0,0,0,2008-04-15 04:00:00,116,0.0,0.0,0.0,0.0,0.0,101.0,0.0,0.0,0.0
0,0,0,2008-04-16 04:00:00,117,0.0,0.0,0.0,0.0,0.0,102.0,0.0,0.0,0.0
0,0,0,2008-04-17 04:00:00,118,0.0,0.0,0.0,0.0,0.0,103.0,0.0,0.0,0.0
0,0,0,2008-04-18 04:00:00,119,0.0,0.0,0.0,0.0,0.0,104.0,0.0,0.0,0.0
0,0,0,2008-04-19 04:00:00,120,0.0,0.0,0.0,0.0,0.0,105.0,0.0,0.0,0.0
0,0,0,2008-04-20 04:00:00,121,0.0,0.0,0.0,0.0,0.0,106.0,0.0,0.0,0.0
0,0,0,2008-04-21 04:00:00,122,0.0,0.0,0.0,0.0,0.0,107.0,0.0,0.0,0.0
0,0,0,2008-04-22 04:00:00,123,0.0,0.0,0.0,0.0,0.0,108.0,0.0,0.0,0.0
0,0,0,2008-04-23 04:00:00,124,0.0,0.0,0.0,0.0,0.0,109.0,0.0,0.0,0.0
0,0,0,2008-04-24 04:00:00,125,0.0,0.0,0.0,0.0,0.0,110.0,0.0,0.0,0.0
0,0,0,2008-04-25 04:00:00,126,0.0,0.0,0.0,0.0,0.0,111.0,0.0,0.0,0.0
0,0,0,2008-04-26 04:00:00,127,0.0,0.0,0.0,0.0,0.0,112.0,0.0,0.0,0.0
0,0,0,2008-04-27 04:00:00,128,0.0,0.0,0.0,0.0,0.0,113.0,0.0,0.0,0.0
0,0,0,2008-04-28 04:00:00,129,0.0,0.0,0.0,0.0,0.0,114.0,0.0,0.0,0.0
0,0,0,2008-04-29 04:00:00,130,0.0,0.0,0.0,0.0,0.0,115.0,0.0,0.0,0.0
0,0,0,2008-04-30 04:00:00,131,0.0,0.0,0.0,0.0,0.0,116.0,0.0,0.0,0.0
0,0,0,2008-05-01 04:00:00,132,0.0,0.0,0.0,0.0,0.0,117.5,0.0,0.0,0.0
0,0,0,2008-05-02 04:00:00,133,0.0,0.0,0.0,0.0,0.0,118.5,0.0,0.0,0.0
0,0,0,2008-05-03 04:00:00,134,0.0,0.0,0.0,0.0,0.0,119.5,0.0,0.0,0.0
0,0,0,2008-05-04 04:00:00,135,0.0,0.0,0.0,0.0,0.0,120.5,0.0,0.0,0.0
0,0,0,2008-05-05 04:00:00,136,0.0,0.0,0.0,0.0,0.0,121.5,0.0,0.0,0.0
0,0,0,2008-05-06 04:00:00,137,0.0,0.0,0.0,0.0,0.0,122.5,0.0,0.0,0.0
0,0,0,2008-05-07 04:00:00,138,0.0,0.0,0.0,0.0,0.0,123.5,0.0,0.0,0.0
0,0,0,2008-05-08 04:00:00,139,0.0,0.0,0.0,0.0,0.0,124.5,0.0,0.0,0.0
0,0,0,2008-05-09 04:00:00,140,0.0,0.0,0.0,0.0,0.0,125.5,0.0,0.0,0.0
0,0,0,2008-05-10 04:00:00,141,0.0,0.0,0.0,0.0,0.0,126.5,0.0,0.0,0.0
0,0,0,2008-05-11 04:00:00,142,0.0,0.0,0.0,0.0,0.0,127.5,0.0,0.0,0.0
0,0,0,2008-05-12 04:00:00,143,0.0,0.0,0.0,0.0,0.0,128.5,0.0,0.0,0.0
0,0,0,2008-05-13 04:00:00,144,0.0,0.0,0.0,0.0,0.0,129.5,0.0,0.0,0.0
0,0,0,2008-05-14 04:00:00,145,0.0,0.0,0.0,0.0,0.0,130.5,0.0,0.0,0.0
0,0,0,2008-05-15 04:00:00,146,0.0,0.0,0.0,0.0,0.0,131.5,0.0,0.0,0.0
0,0,0,2008-05-16 04:00:00,147,0.0,9.0,0.20771604938271604,0.3709876543209877,0.3,132.5,0.0,0.006923868312757201,0.012366255144032922
0,0,0,2008-05-17 04:00:00,0,0.0,0.0,0.0,0.0,0.3,128.56666666666666,0.0,0.006923868312757201,0.012366255144032922
0,0,0,2008-05-18 04:00:00,1,0.0,0.0,0.0,0.0,0.3,124.63333333333334,0.0,0.006923868312757201,0.012366255144032922
0,0,0,2008-05-19 04:00:00,2,0.0,0.0,0.0,0.0,0.3,120.7,0.0,0.006923868312757201,0.012366255144032922
0,0,0,2008-05-20 04:00:00,3,0.0,0.0,0.0,0.0,0.3,116.76666666666667,0.0,0.006923868312757201,0.012366255144032922
0,0,0,2008-05-21 04:00:00,4,0.0,0.0,0.0,0.0,0.3,112.83333333333333,0.0,0.006923868312757201,0.012366255144032922
0,0,0,2008-05-22 04:00:00,5,0.0,0.0,0.0,0.0,0.3,108.9,0.0,0.006923868312757201,0.012366255144032922
0,0,0,2008-05-23 04:00:00,6,0.0,0.0,0.0,0.0,0.3,104.96666666666667,0.0,0.006923868312757201,0.012366255144032922
0,0,0,2008-05-24 04:00:00,7,0.0,0.0,0.0,0.0,0.3,101.03333333333333,0.0,0.006923868312757201,0.012366255144032922
0,0,0,2008-05-25 04:00:00,8,0.0,0.0,0.0,0.0,0.3,97.1,0.0,0.006923868312757201,0.012366255144032922
0,0,0,2008-05-26 04:00:00,9,0.0,0.0,0.0,0.0,0.3,93.16666666666667,0.0,0.006923868312757201,0.012366255144032922
0,0,0,2008-05-27 04:00:00,10,0.0,0.0,0.0,0.0,0.3,89.23333333333333,0.0,0.006923868312757201,0.012366255144032922
0,0,0,2008-05-28 04:00:00,11,0.0,0.0,0.0,0.0,0.3,85.3,0.0,0.006923868312757201,0.012366255144032922
0,0,0,2008-05-29 04:00:00,12,0.0,0.0,0.0,0.0,0.3,81.36666666666666,0.0,0.006923868312757201,0.012366255144032922
0,0,0,2008-05-30 04:00:00,13,0.0,0.0,0.0,0.0,0.3,77.43333333333334,0.0,0.006923868312757201,0.012366255144032922
0,0,0,2008-05-31 04:00:00,14,0.0,0.0,0.0,0.0,0.2903225806451613,75.38709677419355,0.0,0.006700517722023098,0.011967343687773796
0,0,0,2008-06-01 04:00:00,15,0.0,0.0,0.0,0.0,0.2903225806451613,71.61290322580645,0.0,0.006700517722023098,0.011967343687773796
0,0,0,2008-06-02 04:00:00,16,0.0,0.0,0.0,0.0,0.2903225806451613,67.83870967741936,0.0,0.006700517722023098,0.011967343687773796
0,0,0,2008-06-03 04:00:00,17,0.0,0.0,0.0,0.0,0.2903225806451613,64.06451612903226,0.0,0.006700517722023098,0.011967343687773796
0,0,0,2008-06-04 04:00:00,18,0.0,0.0,0.0,0.0,0.2903225806451613,60.29032258064516,0.0,0.006700517722023098,0.011967343687773796
0,0,0,2008-06-05 04:00:00,19,0.0,0.0,0.0,0.0,0.2903225806451613,56.516129032258064,0.0,0.006700517722023098,0.011967343687773796
0,0,0,2008-06-06 04:00:00,20,0.0,0.0,0.0,0.0,0.2903225806451613,52.74193548387097,0.0,0.006700517722023098,0.011967343687773796
0,0,0,2008-06-07 04:00:00,21,0.0,7.0,0.11458333333333336,0.2845238095238095,0.5161290322580645,48.96774193548387,0.0,0.010396754281162884,0.02114553109176765
0,0,0,2008-06-08 04:00:00,0,0.0,0.0,0.0,0.0,0.5161290322580645,44.483870967741936,0.0,0.010396754281162884,0.02114553109176765
0,0,0,2008-06-09 04:00:00,1,0.0,0.0,0.0,0.0,0.5161290322580645,40.0,0.0,0.010396754281162884,0.02114553109176765
0,0,0,2008-06-10 04:00:00,2,0.0,0.0,0.0,0.0,0.5161290322580645,35.516129032258064,0.0,0.010396754281162884,0.02114553109176765
0,0,0,2008-06-11 04:00:00,3,0.0,0.0,0.0,0.0,0.5161290322580645,31.032258064516128,0.0,0.010396754281162884,0.02114553109176765
0,0,0,2008-06-12 04:00:00,4,0.0,0.0,0.0,0.0,0.5161290322580645,26.548387096774192,0.0,0.010396754281162884,0.02114553109176765
0,0,0,2008-06-13 04:00:00,5,0.0,0.0,0.0,0.0,0.5161290322580645,22.06451612903226,0.0,0.010396754281162884,0.02114553109176765
0,0,0,2008-06-14 04:00:00,6,0.0,0.0,0.0,0.0,0.5161290322580645,17.580645161290324,0.0,0.010396754281162884,0.02114553109176765
0,0,0,2008-06-15 04:00:00,7,0.0,0.0,0.0,0.0,0.5161290322580645,13.096774193548388,0.0,0.010396754281162884,0.02114553109176765
0,0,0,2008-06-16 04:00:00,8,0.0,0.0,0.0,0.0,0.22580645161290322,8.612903225806452,0.0,0.0036962365591397856,0.009178187403993855
0,0,0,2008-06-17 04:00:00,9,0.0,0.0,0.0,0.0,0.22580645161290322,8.903225806451612,0.0,0.0036962365591397856,0.009178187403993855
0,0,0,2008-06-18 04:00:00,10,0.0,0.0,0.0,0.0,0.22580645161290322,9.193548387096774,0.0,0.0036962365591397856,0.009178187403993855
0,0,0,2008-06-19 04:00:00,11,0.0,0.0,0.0,0.0,0.22580645161290322,9.483870967741936,0.0,0.0036962365591397856,0.009178187403993855
0,0,0,2008-06-20 04:00:00,12,0.0,0.0,0.0,0.0,0.22580645161290322,9.774193548387096,0.0,0.0036962365591397856,0.009178187403993855
0,0,0,2008-06-21 04:00:00,13,0.0,0.0,0.0,0.0,0.22580645161290322,10.064516129032258,0.0,0.0036962365591397856,0.009178187403993855
0,0,0,2008-06-22 04:00:00,14,0.0,0.0,0.0,0.0,0.22580645161290322,10.35483870967742,0.0,0.0036962365591397856,0.009178187403993855
0,0,0,2008-06-23 04:00:00,15,0.0,0.0,0.0,0.0,0.22580645161290322,10.64516129032258,0.0,0.0036962365591397856,0.009178187403993855
0,0,0,2008-06-24 04:00:00,16,0.0,0.0,0.0,0.0,0.22580645161290322,10.935483870967742,0.0,0.0036962365591397856,0.009178187403993855
0,0,0,2008-06-25 04:00:00,17,0.0,0.0,0.0,0.0,0.22580645161290322,11.225806451612904,0.0,0.0036962365591397856,0.009178187403993855
0,0,0,2008-06-26 04:00:00,18,0.0,0.0,0.0,0.0,0.22580645161290322,11.516129032258064,0.0,0.0036962365591397856,0.009178187403993855
0,0,0,2008-06-27 04:00:00,19,0.0,0.0,0.0,0.0,0.22580645161290322,11.806451612903226,0.0,0.0036962365591397856,0.009178187403993855
0,0,0,2008-06-28 04:00:00,20,0.0,0.0,0.0,0.0,0.22580645161290322,12.096774193548388,0.0,0.0036962365591397856,0.009178187403993855
0,0,0,2008-06-29 04:00:00,21,0.0,0.0,0.0,0.0,0.22580645161290322,12.387096774193548,0.0,0.0036962365591397856,0.009178187403993855
0,0,0,2008-06-30 04:00:00,22,0.0,0.0,0.0,0.0,0.22580645161290322,12.67741935483871,0.0,0.0036962365591397856,0.009178187403993855
0,0,0,2008-07-01 04:00:00,23,0.0,0.0,0.0,0.0,0.23333333333333334,12.9,0.0,0.003819444444444445,0.009484126984126984
0,0,0,2008-07-02 04:00:00,24,0.0,0.0,0.0,0.0,0.23333333333333334,13.166666666666666,0.0,0.003819444444444445,0.009484126984126984
0,0,0,2008-07-03 04:00:00,25,0.0,0.0,0.0,0.0,0.23333333333333334,13.433333333333334,0.0,0.003819444444444445,0.009484126984126984
0,0,0,2008-07-04 04:00:00,26,0.0,0.0,0.0,0.0,0.23333333333333334,13.7,0.0,0.003819444444444445,0.009484126984126984
0,0,0,2008-07-05 04:00:00,27,0.0,0.0,0.0,0.0,0.23333333333333334,13.966666666666667,0.0,0.003819444444444445,0.009484126984126984
0,0,0,2008-07-06 04:00:00,28,0.0,0.0,0.0,0.0,0.23333333333333334,14.233333333333333,0.0,0.003819444444444445,0.009484126984126984
0,0,0,2008-07-07 04:00:00,29,0.0,0.0,0.0,0.0,0.0,14.5,0.0,0.0,0.0
0,0,0,2008-07-08 04:00:00,30,0.0,0.0,0.0,0.0,0.0,15.5,0.0,0.0,0.0
0,0,0,2008-07-09 04:00:00,31,0.0,0.0,0.0,0.0,0.0,16.5,0.0,0.0,0.0
0,0,0,2008-07-10 04:00:00,32,0.0,0.0,0.0,0.0,0.0,17.5,0.0,0.0,0.0
0,0,0,2008-07-11 04:00:00,33,0.0,0.0,0.0,0.0,0.0,18.5,0.0,0.0,0.0
0,0,0,2008-07-12 04:00:00,34,0.0,0.0,0.0,0.0,0.0,19.5,0.0,0.0,0.0
0,0,0,2008-07-13 04:00:00,35,0.0,0.0,0.0,0.0,0.0,20.5,0.0,0.0,0.0
0,0,0,2008-07-14 04:00:00,36,0.0,0.0,0.0,0.0,0.0,21.5,0.0,0.0,0.0
0,0,0,2008-07-15 04:00:00,37,0.0,0.0,0.0,0.0,0.0,22.5,0.0,0.0,0.0
0,0,0,2008-07-16 04:00:00,38,0.0,0.0,0.0,0.0,0.0,23.5,0.0,0.0,0.0
0,0,0,2008-07-17 04:00:00,39,0.0,0.0,0.0,0.0,0.0,24.5,0.0,0.0,0.0
0,0,0,2008-07-18 04:00:00,40,0.0,0.0,0.0,0.0,0.0,25.5,0.0,0.0,0.0
0,0,0,2008-07-19 04:00:00,41,0.0,0.0,0.0,0.0,0.0,26.5,0.0,0.0,0.0
0,0,0,2008-07-20 04:00:00,42,0.0,0.0,0.0,0.0,0.0,27.5,0.0,0.0,0.0
0,0,0,2008-07-21 04:00:00,43,0.0,0.0,0.0,0.0,0.0,28.5,0.0,0.0,0.0
0,0,0,2008-07-22 04:00:00,44,0.0,0.0,0.0,0.0,0.0,29.5,0.0,0.0,0.0
0,0,0,2008-07-23 04:00:00,45,0.0,0.0,0.0,0.0,0.0,30.5,0.0,0.0,0.0
0,0,0,2008-07-24 04:00:00,46,0.0,0.0,0.0,0.0,0.0,31.5,0.0,0.0,0.0
0,0,0,2008-07-25 04:00:00,47,0.0,0.0,0.0,0.0,0.0,32.5,0.0,0.0,0.0
0,0,0,2008-07-26 04:00:00,48,0.0,0.0,0.0,0.0,0.0,33.5,0.0,0.0,0.0
0,0,0,2008-07-27 04:00:00,49,0.0,0.0,0.0,0.0,0.0,34.5,0.0,0.0,0.0
0,0,0,2008-07-28 04:00:00,50,0.0,0.0,0.0,0.0,0.0,35.5,0.0,0.0,0.0
0,0,0,2008-07-29 04:00:00,51,0.0,0.0,0.0,0.0,0.0,36.5,0.0,0.0,0.0
0,0,0,2008-07-30 04:00:00,52,0.0,0.0,0.0,0.0,0.0,37.5,0.0,0.0,0.0
0,0,0,2008-07-31 04:00:00,53,0.0,0.0,0.0,0.0,0.0,38.0,0.0,0.0,0.0
0,0,0,2008-08-01 04:00:00,54,0.0,0.0,0.0,0.0,0.0,39.0,0.0,0.0,0.0
0,0,0,2008-08-02 04:00:00,55,0.0,0.0,0.0,0.0,0.0,40.0,0.0,0.0,0.0
0,0,0,2008-08-03 04:00:00,56,0.0,0.0,0.0,0.0,0.0,41.0,0.0,0.0,0.0
0,0,0,2008-08-04 04:00:00,57,0.0,0.0,0.0,0.0,0.0,42.0,0.0,0.0,0.0
0,0,0,2008-08-05 04:00:00,58,0.0,0.0,0.0,0.0,0.0,43.0,0.0,0.0,0.0
0,0,0,2008-08-06 04:00:00,59,0.0,0.0,0.0,0.0,0.0,44.0,0.0,0.0,0.0
0,0,0,2008-08-07 04:00:00,60,0.0,0.0,0.0,0.0,0.0,45.0,0.0,0.0,0.0
0,0,0,2008-08-08 04:00:00,61,0.0,0.0,0.0,0.0,0.0,46.0,0.0,0.0,0.0
0,0,0,2008-08-09 04:00:00,62,0.0,0.0,0.0,0.0,0.0,47.0,0.0,0.0,0.0
0,0,0,2008-08-10 04:00:00,63,0.0,0.0,0.0,0.0,0.0,48.0,0.0,0.0,0.0
0,0,0,2008-08-11 04:00:00,64,0.0,0.0,0.0,0.0,0.0,49.0,0.0,0.0,0.0
0,0,0,2008-08-12 04:00:00,65,0.0,0.0,0.0,0.0,0.0,50.0,0.0,0.0,0.0
0,0,0,2008-08-13 04:00:00,66,0.0,0.0,0.0,0.0,0.0,51.0,0.0,0.0,0.0
0,0,0,2008-08-14 04:00:00,67,0.0,0.0,0.0,0.0,0.0,52.0,0.0,0.0,0.0
0,0,0,2008-08-15 04:00:00,68,0.0,0.0,0.0,0.0,0.0,53.0,0.0,0.0,0.0
0,0,0,2008-08-16 04:00:00,69,0.0,0.0,0.0,0.0,0.0,54.0,0.0,0.0,0.0
0,0,0,2008-08-17 04:00:00,70,0.0,0.0,0.0,0.0,0.0,55.0,0.0,0.0,0.0
0,0,0,2008-08-18 04:00:00,71,0.0,0.0,0.0,0.0,0.0,56.0,0.0,0.0,0.0
0,0,0,2008-08-19 04:00:00,72,0.0,0.0,0.0,0.0,0.0,57.0,0.0,0.0,0.0
0,0,0,2008-08-20 04:00:00,73,0.0,0.0,0.0,0.0,0.0,58.0,0.0,0.0,0.0
0,0,0,2008-08-21 04:00:00,74,0.0,0.0,0.0,0.0,0.0,59.0,0.0,0.0,0.0
0,0,0,2008-08-22 04:00:00,75,0.0,0.0,0.0,0.0,0.0,60.0,0.0,0.0,0.0
0,0,0,2008-08-23 04:00:00,76,0.0,0.0,0.0,0.0,0.0,61.0,0.0,0.0,0.0
0,0,0,2008-08-24 04:00:00,77,0.0,0.0,0.0,0.0,0.0,62.0,0.0,0.0,0.0
0,0,0,2008-08-25 04:00:00,78,0.0,0.0,0.0,0.0,0.0,63.0,0.0,0.0,0.0
0,0,0,2008-08-26 04:00:00,79,0.0,0.0,0.0,0.0,0.0,64.0,0.0,0.0,0.0
0,0,0,2008-08-27 04:00:00,80,0.0,0.0,0.0,0.0,0.0,65.0,0.0,0.0,0.0
0,0,0,2008-08-28 04:00:00,81,0.0,0.0,0.0,0.0,0.0,66.0,0.0,0.0,0.0
0,0,0,2008-08-29 04:00:00,82,0.0,0.0,0.0,0.0,0.0,67.0,0.0,0.0,0.0
0,0,0,2008-08-30 04:00:00,83,0.0,0.0,0.0,0.0,0.0,68.0,0.0,0.0,0.0
0,0,0,2008-08-31 04:00:00,84,0.0,0.0,0.0,0.0,0.0,69.0,0.0,0.0,0.0
0,0,0,2008-09-01 04:00:00,85,0.0,0.0,0.0,0.0,0.0,70.0,0.0,0.0,0.0
0,0,0,2008-09-02 04:00:00,86,0.0,0.0,0.0,0.0,0.0,71.0,0.0,0.0,0.0
0,0,0,2008-09-03 04:00:00,87,0.0,0.0,0.0,0.0,0.0,72.0,0.0,0.0,0.0
0,0,0,2008-09-04 04:00:00,88,0.0,0.0,0.0,0.0,0.0,73.0,0.0,0.0,0.0
0,0,0,2008-09-05 04:00:00,89,0.0,0.0,0.0,0.0,0.0,74.0,0.0,0.0,0.0
0,0,0,2008-09-06 04:00:00,90,0.0,0.0,0.0,0.0,0.0,75.0,0.0,0.0,0.0
0,0,0,2008-09-07 04:00:00,91,0.0,0.0,0.0,0.0,0.0,76.0,0.0,0.0,0.0
0,0,0,2008-09-08 04:00:00,92,0.0,0.0,0.0,0.0,0.0,77.0,0.0,0.0,0.0
0,0,0,2008-09-09 04:00:00,93,0.0,0.0,0.0,0.0,0.0,78.0,0.0,0.0,0.0
0,0,0,2008-09-10 04:00:00,94,0.0,0.0,0.0,0.0,0.0,79.0,0.0,0.0,0.0
0,0,0,2008-09-11 04:00:00,95,0.0,0.0,0.0,0.0,0.0,80.0,0.0,0.0,0.0
0,0,0,2008-09-12 04:00:00,96,0.0,0.0,0.0,0.0,0.0,81.0,0.0,0.0,0.0
0,0,0,2008-09-13 04:00:00,97,0.0,0.0,0.0,0.0,0.0,82.0,0.0,0.0,0.0
0,0,0,2008-09-14 04:00:00,98,0.0,0.0,0.0,0.0,0.0,83.0,0.0,0.0,0.0
0,0,0,2008-09-15 04:00:00,99,0.0,0.0,0.0,0.0,0.0,84.0,0.0,0.0,0.0
0,0,0,2008-09-16 04:00:00,100,0.0,0.0,0.0,0.0,0.0,85.0,0.0,0.0,0.0
0,0,0,2008-09-17 04:00:00,101,0.0,0.0,0.0,0.0,0.0,86.0,0.0,0.0,0.0
0,0,0,2008-09-18 04:00:00,102,0.0,0.0,0.0,0.0,0.0,87.0,0.0,0.0,0.0
0,0,0,2008-09-19 04:00:00,103,0.0,0.0,0.0,0.0,0.0,88.0,0.0,0.0,0.0
0,0,0,2008-09-20 04:00:00,104,0.0,0.0,0.0,0.0,0.0,89.0,0.0,0.0,0.0
0,0,0,2008-09-21 04:00:00,105,0.0,0.0,0.0,0.0,0.0,90.0,0.0,0.0,0.0
0,0,0,2008-09-22 04:00:00,106,0.0,0.0,0.0,0.0,0.0,91.0,0.0,0.0,0.0
0,0,0,2008-09-23 04:00:00,107,0.0,0.0,0.0,0.0,0.0,92.0,0.0,0.0,0.0
0,0,0,2008-09-24 04:00:00,108,0.0,0.0,0.0,0.0,0.0,93.0,0.0,0.0,0.0
0,0,0,2008-09-25 04:00:00,109,0.0,0.0,0.0,0.0,0.0,94.0,0.0,0.0,0.0
0,0,0,2008-09-26 04:00:00,110,0.0,0.0,0.0,0.0,0.0,95.0,0.0,0.0,0.0
0,0,0,2008-09-27 04:00:00,111,0.0,0.0,0.0,0.0,0.0,96.0,0.0,0.0,0.0
0,0,0,2008-09-28 04:00:00,112,0.0,0.0,0.0,0.0,0.0,97.0,0.0,0.0,0.0
0,0,0,2008-09-29 04:00:00,113,0.0,0.0,0.0,0.0,0.0,98.0,0.0,0.0,0.0
0,0,0,2008-09-30 04:00:00,114,0.0,0.0,0.0,0.0,0.0,99.0,0.0,0.0,0.0
0,0,0,2008-10-01 04:00:00,115,0.0,0.0,0.0,0.0,0.0,100.5,0.0,0.0,0.0
0,0,0,2008-10-02 04:00:00,116,0.0,0.0,0.0,0.0,0.0,101.5,0.0,0.0,0.0
0,0,0,2008-10-03 04:00:00,117,0.0,0.0,0.0,0.0,0.0,102.5,0.0,0.0,0.0
0,0,0,2008-10-04 04:00:00,118,0.0,0.0,0.0,0.0,0.0,103.5,0.0,0.0,0.0
0,0,0,2008-10-05 04:00:00,119,0.0,0.0,0.0,0.0,0.0,104.5,0.0,0.0,0.0
0,0,0,2008-10-06 04:00:00,120,0.0,0.0,0.0,0.0,0.0,105.5,0.0,0.0,0.0
0,0,0,2008-10-07 04:00:00,121,0.0,0.0,0.0,0.0,0.0,106.5,0.0,0.0,0.0
0,0,0,2008-10-08 04:00:00,122,0.0,0.0,0.0,0.0,0.0,107.5,0.0,0.0,0.0
0,0,0,2008-10-09 04:00:00,123,0.0,0.0,0.0,0.0,0.0,108.5,0.0,0.0,0.0
0,0,0,2008-10-10 04:00:00,124,0.0,0.0,0.0,0.0,0.0,109.5,0.0,0.0,0.0
0,0,0,2008-10-11 04:00:00,125,0.0,0.0,0.0,0.0,0.0,110.5,0.0,0.0,0.0
0,0,0,2008-10-12 04:00:00,126,0.0,0.0,0.0,0.0,0.0,111.5,0.0,0.0,0.0
0,0,0,2008-10-13 04:00:00,127,0.0,0.0,0.0,0.0,0.0,112.5,0.0,0.0,0.0
0,0,0,2008-10-14 04:00:00,128,0.0,0.0,0.0,0.0,0.0,113.5,0.0,0.0,0.0
0,0,0,2008-10-15 04:00:00,129,0.0,0.0,0.0,0.0,0.0,114.5,0.0,0.0,0.0
0,0,0,2008-10-16 04:00:00,130,0.0,0.0,0.0,0.0,0.0,115.5,0.0,0.0,0.0
0,0,0,2008-10-17 04:00:00,131,0.0,0.0,0.0,0.0,0.0,116.5,0.0,0.0,0.0
0,0,0,2008-10-18 04:00:00,132,0.0,0.0,0.0,0.0,0.0,117.5,0.0,0.0,0.0
0,0,0,2008-10-19 04:00:00,133,0.0,0.0,0.0,0.0,0.0,118.5,0.0,0.0,0.0
0,0,0,2008-10-20 04:00:00,134,0.0,0.0,0.0,0.0,0.0,119.5,0.0,0.0,0.0
0,0,0,2008-10-21 04:00:00,135,0.0,0.0,0.0,0.0,0.0,120.5,0.0,0.0,0.0
0,0,0,2008-10-22 04:00:00,136,0.0,0.0,0.0,0.0,0.0,121.5,0.0,0.0,0.0
0,0,0,2008-10-23 04:00:00,137,0.0,0.0,0.0,0.0,0.0,122.5,0.0,0.0,0.0
0,0,0,2008-10-24 04:00:00,138,0.0,0.0,0.0,0.0,0.0,123.5,0.0,0.0,0.0
0,0,0,2008-10-25 04:00:00,139,0.0,0.0,0.0,0.0,0.0,124.5,0.0,0.0,0.0
0,0,0,2008-10-26 04:00:00,140,0.0,0.0,0.0,0.0,0.0,125.5,0.0,0.0,0.0
0,0,0,2008-10-27 04:00:00,141,0.0,0.0,0.0,0.0,0.0,126.5,0.0,0.0,0.0
0,0,0,2008-10-28 04:00:00,142,0.0,0.0,0.0,0.0,0.0,127.5,0.0,0.0,0.0
0,0,0,2008-10-29 04:00:00,143,0.0,0.0,0.0,0.0,0.0,128.5,0.0,0.0,0.0
0,0,0,2008-10-30 04:00:00,144,0.0,0.0,0.0,0.0,0.0,129.5,0.0,0.0,0.0
0,0,0,2008-10-31 04:00:00,145,0.0,0.0,0.0,0.0,0.0,130.0,0.0,0.0,0.0
0,0,0,2008-11-01 04:00:00,146,0.0,0.0,0.0,0.0,0.0,131.0,0.0,0.0,0.0
0,0,0,2008-11-02 04:00:00,147,0.0,0.0,0.0,0.0,0.0,132.0,0.0,0.0,0.0
0,0,0,2008-11-03 04:00:00,148,0.0,0.0,0.0,0.0,0.0,133.0,0.0,0.0,0.0
0,0,0,2008-11-04 04:00:00,149,0.0,0.0,0.0,0.0,0.0,134.0,0.0,0.0,0.0
0,0,0,2008-11-05 04:00:00,150,0.0,0.0,0.0,0.0,0.0,135.0,0.0,0.0,0.0
0,0,0,2008-11-06 04:00:00,151,0.0,0.0,0.0,0.0,0.0,136.0,0.0,0.0,0.0
0,0,0,2008-11-07 04:00:00,152,0.0,0.0,0.0,0.0,0.0,137.0,0.0,0.0,0.0
0,0,0,2008-11-08 04:00:00,153,0.0,0.0,0.0,0.0,0.0,138.0,0.0,0.0,0.0
0,0,0,2008-11-09 04:00:00,154,0.0,0.0,0.0,0.0,0.0,139.0,0.0,0.0,0.0
0,0,0,2008-11-10 04:00:00,155,0.0,0.0,0.0,0.0,0.0,140.0,0.0,0.0,0.0
0,0,0,2008-11-11 04:00:00,156,0.0,0.0,0.0,0.0,0.0,141.0,0.0,0.0,0.0
0,0,0,2008-11-12 04:00:00,157,0.0,0.0,0.0,0.0,0.0,142.0,0.0,0.0,0.0
0,0,0,2008-11-13 04:00:00,158,0.0,0.0,0.0,0.0,0.0,143.0,0.0,0.0,0.0
0,0,0,2008-11-14 04:00:00,159,0.0,0.0,0.0,0.0,0.0,144.0,0.0,0.0,0.0
0,0,0,2008-11-15 04:00:00,160,0.0,0.0,0.0,0.0,0.0,145.0,0.0,0.0,0.0
0,0,0,2008-11-16 04:00:00,161,0.0,0.0,0.0,0.0,0.0,146.0,0.0,0.0,0.0
0,0,0,2008-11-17 04:00:00,162,0.0,0.0,0.0,0.0,0.0,147.0,0.0,0.0,0.0
0,0,0,2008-11-18 04:00:00,163,0.0,0.0,0.0,0.0,0.0,148.0,0.0,0.0,0.0
0,0,0,2008-11-19 04:00:00,164,0.0,0.0,0.0,0.0,0.0,149.0,0.0,0.0,0.0
0,0,0,2008-11-20 04:00:00,165,0.0,0.0,0.0,0.0,0.0,150.0,0.0,0.0,0.0
0,0,0,2008-11-21 04:00:00,166,0.0,0.0,0.0,0.0,0.0,151.0,0.0,0.0,0.0
0,0,0,2008-11-22 04:00:00,167,0.0,0.0,0.0,0.0,0.0,152.0,0.0,0.0,0.0
0,0,0,2008-11-23 04:00:00,168,0.0,0.0,0.0,0.0,0.0,153.0,0.0,0.0,0.0
0,0,0,2008-11-24 04:00:00,169,0.0,0.0,0.0,0.0,0.0,154.0,0.0,0.0,0.0
0,0,0,2008-11-25 04:00:00,170,0.0,0.0,0.0,0.0,0.0,155.0,0.0,0.0,0.0
0,0,0,2008-11-26 04:00:00,171,0.0,0.0,0.0,0.0,0.0,156.0,0.0,0.0,0.0
0,0,0,2008-11-27 04:00:00,172,0.0,0.0,0.0,0.0,0.0,157.0,0.0,0.0,0.0
0,0,0,2008-11-28 04:00:00,173,0.0,0.0,0.0,0.0,0.0,158.0,0.0,0.0,0.0
0,0,0,2008-11-29 04:00:00,174,0.0,0.0,0.0,0.0,0.0,159.0,0.0,0.0,0.0
0,0,0,2008-11-30 04:00:00,175,0.0,0.0,0.0,0.0,0.0,160.0,0.0,0.0,0.0
0,0,0,2008-12-01 04:00:00,176,0.0,0.0,0.0,0.0,0.0,161.5,0.0,0.0,0.0
0,0,0,2008-12-02 04:00:00,177,0.0,0.0,0.0,0.0,0.0,162.5,0.0,0.0,0.0
0,0,0,2008-12-03 04:00:00,178,0.0,0.0,0.0,0.0,0.0,163.5,0.0,0.0,0.0
0,0,0,2008-12-04 04:00:00,179,0.0,0.0,0.0,0.0,0.0,164.5,0.0,0.0,0.0
0,0,0,2008-12-05 04:00:00,180,0.0,0.0,0.0,0.0,0.0,165.5,0.0,0.0,0.0
0,0,0,2008-12-06 04:00:00,181,0.0,0.0,0.0,0.0,0.0,166.5,0.0,0.0,0.0
0,0,0,2008-12-07 04:00:00,182,0.0,0.0,0.0,0.0,0.0,167.5,0.0,0.0,0.0
0,0,0,2008-12-08 04:00:00,183,0.0,0.0,0.0,0.0,0.0,168.5,0.0,0.0,0.0
0,0,0,2008-12-09 04:00:00,184,0.0,0.0,0.0,0.0,0.0,169.5,0.0,0.0,0.0
0,0,0,2008-12-10 04:00:00,185,0.0,0.0,0.0,0.0,0.0,170.5,0.0,0.0,0.0
0,0,0,2008-12-11 04:00:00,186,0.0,0.0,0.0,0.0,0.0,171.5,0.0,0.0,0.0
0,0,0,2008-12-12 04:00:00,187,0.0,0.0,0.0,0.0,0.0,172.5,0.0,0.0,0.0
0,0,0,2008-12-13 04:00:00,188,0.0,0.0,0.0,0.0,0.0,173.5,0.0,0.0,0.0
0,0,0,2008-12-14 04:00:00,189,0.0,0.0,0.0,0.0,0.0,174.5,0.0,0.0,0.0
0,0,0,2008-12-15 04:00:00,190,0.0,0.0,0.0,0.0,0.0,175.5,0.0,0.0,0.0
0,0,0,2008-12-16 04:00:00,191,0.0,0.0,0.0,0.0,0.0,176.5,0.0,0.0,0.0
0,0,0,2008-12-17 04:00:00,192,0.0,0.0,0.0,0.0,0.0,177.5,0.0,0.0,0.0
0,0,0,2008-12-18 04:00:00,193,0.0,0.0,0.0,0.0,0.0,178.5,0.0,0.0,0.0
0,0,0,2008-12-19 04:00:00,194,0.0,0.0,0.0,0.0,0.0,179.5,0.0,0.0,0.0
0,0,0,2008-12-20 04:00:00,195,0.0,0.0,0.0,0.0,0.0,180.5,0.0,0.0,0.0
0,0,0,2008-12-21 04:00:00,196,0.18181818181818185,6.666666666666668,0.08911616161616162,0.3470959595959596,0.22222222222222227,181.5,0.0060606060606060615,0.0029705387205387207,0.01156986531986532
0,0,0,2008-12-22 04:00:00,0,0.0,8.0,0.0703186274509804,0.4801813725490197,0.48888888888888893,175.93333333333334,0.0060606060606060615,0.005314492968904735,0.02757591107149931
0,0,0,2008-12-23 04:00:00,0,0.0,0.0,0.0,0.0,0.48888888888888893,170.33333333333334,0.0060606060606060615,0.005314492968904735,0.02757591107149931
0,0,0,2008-12-24 04:00:00,1,0.0,0.0,0.0,0.0,0.48888888888888893,164.73333333333332,0.0060606060606060615,0.005314492968904735,0.02757591107149931
0,0,0,2008-12-25 04:00:00,2,0.0,0.0,0.0,0.0,0.48888888888888893,159.13333333333333,0.0060606060606060615,0.005314492968904735,0.02757591107149931
0,0,0,2008-12-26 04:00:00,3,0.0,0.0,0.0,0.0,0.48888888888888893,153.53333333333333,0.0060606060606060615,0.005314492968904735,0.02757591107149931
0,0,0,2008-12-27 04:00:00,4,0.0,0.0,0.0,0.0,0.48888888888888893,147.93333333333334,0.0060606060606060615,0.005314492968904735,0.02757591107149931
0,0,0,2008-12-28 04:00:00,5,0.1,19.5,0.03247916666666667,0.4043958333333333,1.138888888888889,142.33333333333334,0.009393939393939395,0.006397131857793624,0.041055772182610424
0,0,0,2008-12-29 04:00:00,0,0.0,0.0,0.0,0.0,1.138888888888889,136.53333333333333,0.009393939393939395,0.006397131857793624,0.041055772182610424
0,0,0,2008-12-30 04:00:00,1,0.0,0.0,0.0,0.0,1.138888888888889,130.73333333333332,0.009393939393939395,0.006397131857793624,0.041055772182610424
0,0,0,2008-12-31 04:00:00,2,0.0,0.0,0.0,0.0,1.1021505376344087,126.58064516129032,0.009090909090909092,0.006190772765606732,0.039731392434784275
0,0,0,2009-01-01 04:00:00,3,0.0,0.0,0.0,0.0,1.1021505376344087,121.0,0.009090909090909092,0.006190772765606732,0.039731392434784275
0,0,0,2009-01-02 04:00:00,4,0.0,0.0,0.0,0.0,1.1021505376344087,115.41935483870968,0.009090909090909092,0.006190772765606732,0.039731392434784275
0,0,0,2009-01-03 04:00:00,5,0.0,0.0,0.0,0.0,1.1021505376344087,109.83870967741936,0.009090909090909092,0.006190772765606732,0.039731392434784275
0,0,0,2009-01-04 04:00:00,6,0.0,0.0,0.0,0.0,1.1021505376344087,104.25806451612904,0.009090909090909092,0.006190772765606732,0.039731392434784275
0,0,0,2009-01-05 04:00:00,7,0.0,0.0,0.0,0.0,1.1021505376344087,98.6774193548387,0.009090909090909092,0.006190772765606732,0.039731392434784275
0,0,0,2009-01-06 04:00:00,8,0.0,0.0,0.0,0.0,1.1021505376344087,93.09677419354838,0.009090909090909092,0.006190772765606732,0.039731392434784275
0,0,0,2009-01-07 04:00:00,9,0.0,0.0,0.0,0.0,1.1021505376344087,87.51612903225806,0.009090909090909092,0.006190772765606732,0.039731392434784275
0,0,0,2009-01-08 04:00:00,10,0.0,0.0,0.0,0.0,1.1021505376344087,81.93548387096774,0.009090909090909092,0.006190772765606732,0.039731392434784275
0,0,0,2009-01-09 04:00:00,11,0.0,0.0,0.0,0.0,1.1021505376344087,76.35483870967742,0.009090909090909092,0.006190772765606732,0.039731392434784275
0,0,0,2009-01-10 04:00:00,12,0.0,0.0,0.0,0.0,1.1021505376344087,70.7741935483871,0.009090909090909092,0.006190772765606732,0.039731392434784275
0,0,0,2009-01-11 04:00:00,13,0.0,0.0,0.0,0.0,1.1021505376344087,65.19354838709677,0.009090909090909092,0.006190772765606732,0.039731392434784275
0,0,0,2009-01-12 04:00:00,14,0.0,0.0,0.0,0.0,1.1021505376344087,59.61290322580645,0.009090909090909092,0.006190772765606732,0.039731392434784275
0,0,0,2009-01-13 04:00:00,15,0.0,0.0,0.0,0.0,1.1021505376344087,54.03225806451613,0.009090909090909092,0.006190772765606732,0.039731392434784275
0,0,0,2009-01-14 04:00:00,16,0.0,0.0,0.0,0.0,1.1021505376344087,48.45161290322581,0.009090909090909092,0.006190772765606732,0.039731392434784275
0,0,0,2009-01-15 04:00:00,17,0.0,0.0,0.0,0.0,1.1021505376344087,42.87096774193548,0.009090909090909092,0.006190772765606732,0.039731392434784275
0,0,0,2009-01-16 04:00:00,18,0.0,0.0,0.0,0.0,1.1021505376344087,37.29032258064516,0.009090909090909092,0.006190772765606732,0.039731392434784275
0,0,0,2009-01-17 04:00:00,19,0.0,0.0,0.0,0.0,1.1021505376344087,31.70967741935484,0.009090909090909092,0.006190772765606732,0.039731392434784275
0,0,0,2009-01-18 04:00:00,20,0.0,0.0,0.0,0.0,1.1021505376344087,26.129032258064516,0.009090909090909092,0.006190772765606732,0.039731392434784275
0,0,0,2009-01-19 04:00:00,21,0.0,0.0,0.0,0.0,1.1021505376344087,20.548387096774192,0.009090909090909092,0.006190772765606732,0.039731392434784275
0,0,0,2009-01-20 04:00:00,22,0.0,0.0,0.0,0.0,1.1021505376344087,14.96774193548387,0.009090909090909092,0.006190772765606732,0.039731392434784275
0,0,0,2009-01-21 04:00:00,23,0.0,0.0,0.0,0.0,0.8870967741935484,9.387096774193548,0.0032258064516129032,0.003316057874762809,0.028534748576850098
0,0,0,2009-01-22 04:00:00,24,0.0,0.0,0.0,0.0,0.6290322580645161,10.161290322580646,0.0032258064516129032,0.001047715053763441,0.013045026881720429
0,0,0,2009-01-23 04:00:00,25,0.0,0.0,0.0,0.0,0.6290322580645161,10.96774193548387,0.0032258064516129032,0.001047715053763441,0.013045026881720429
0,0,0,2009-01-24 04:00:00,26,0.0,0.0,0.0,0.0,0.6290322580645161,11.774193548387096,0.0032258064516129032,0.001047715053763441,0.013045026881720429
0,0,0,2009-01-25 04:00:00,27,0.0,0.0,0.0,0.0,0.6290322580645161,12.580645161290322,0.0032258064516129032,0.001047715053763441,0.013045026881720429
0,0,0,2009-01-26 04:00:00,28,0.0,0.0,0.0,0.0,0.6290322580645161,13.387096774193548,0.0032258064516129032,0.001047715053763441,0.013045026881720429
0,0,0,2009-01-27 04:00:00,29,0.0,0.0,0.0,0.0,0.6290322580645161,14.193548387096774,0.0032258064516129032,0.001047715053763441,0.013045026881720429
0,0,0,2009-01-28 04:00:00,30,0.0,0.0,0.0,0.0,0.0,15.0,0.0,0.0,0.0
0,0,0,2009-01-29 04:00:00,31,0.0,0.0,0.0,0.0,0.0,16.0,0.0,0.0,0.0
0,0,0,2009-01-30 04:00:00,32,0.0,0.0,0.0,0.0,0.0,17.0,0.0,0.0,0.0
0,0,0,2009-01-31 04:00:00,33,0.0,0.0,0.0,0.0,0.0,18.0,0.0,0.0,0.0
0,0,0,2009-02-01 04:00:00,34,0.0,0.0,0.0,0.0,0.0,19.0,0.0,0.0,0.0
0,0,0,2009-02-02 04:00:00,35,0.0,0.0,0.0,0.0,0.0,20.0,0.0,0.0,0.0
0,0,0,2009-02-03 04:00:00,36,0.0,0.0,0.0,0.0,0.0,21.0,0.0,0.0,0.0
0,0,0,2009-02-04 04:00:00,37,0.0,0.0,0.0,0.0,0.0,22.0,0.0,0.0,0.0
0,0,0,2009-02-05 04:00:00,38,0.0,0.0,0.0,0.0,0.0,23.0,0.0,0.0,0.0
0,0,0,2009-02-06 04:00:00,39,0.0,0.0,0.0,0.0,0.0,24.0,0.0,0.0,0.0
0,0,0,2009-02-07 04:00:00,40,0.0,0.0,0.0,0.0,0.0,25.0,0.0,0.0,0.0
0,0,0,2009-02-08 04:00:00,41,0.0,0.0,0.0,0.0,0.0,26.0,0.0,0.0,0.0
0,0,0,2009-02-09 04:00:00,42,0.0,0.0,0.0,0.0,0.0,27.0,0.0,0.0,0.0
0,0,0,2009-02-10 04:00:00,43,0.0,0.0,0.0,0.0,0.0,28.0,0.0,0.0,0.0
0,0,0,2009-02-11 04:00:00,44,0.0,0.0,0.0,0.0,0.0,29.0,0.0,0.0,0.0
0,0,0,2009-02-12 04:00:00,45,0.0,0.0,0.0,0.0,0.0,30.0,0.0,0.0,0.0
0,0,0,2009-02-13 04:00:00,46,0.0,0.0,0.0,0.0,0.0,31.0,0.0,0.0,0.0
0,0,0,2009-02-14 04:00:00,47,0.0,0.0,0.0,0.0,0.0,32.0,0.0,0.0,0.0
0,0,0,2009-02-15 04:00:00,48,0.0,0.0,0.0,0.0,0.0,33.0,0.0,0.0,0.0
0,0,0,2009-02-16 04:00:00,49,0.0,0.0,0.0,0.0,0.0,34.0,0.0,0.0,0.0
0,0,0,2009-02-17 04:00:00,50,0.0,0.0,0.0,0.0,0.0,35.0,0.0,0.0,0.0
0,0,0,2009-02-18 04:00:00,51,0.0,0.0,0.0,0.0,0.0,36.0,0.0,0.0,0.0
0,0,0,2009-02-19 04:00:00,52,0.0,0.0,0.0,0.0,0.0,37.0,0.0,0.0,0.0
0,0,0,2009-02-20 04:00:00,53,0.0,0.0,0.0,0.0,0.0,38.0,0.0,0.0,0.0
0,0,0,2009-02-21 04:00:00,54,0.0,0.0,0.0,0.0,0.0,39.0,0.0,0.0,0.0
0,0,0,2009-02-22 04:00:00,55,0.0,0.0,0.0,0.0,0.0,40.0,0.0,0.0,0.0
0,0,0,2009-02-23 04:00:00,56,0.0,0.0,0.0,0.0,0.0,41.0,0.0,0.0,0.0
0,0,0,2009-02-24 04:00:00,57,0.0,0.0,0.0,0.0,0.0,42.0,0.0,0.0,0.0
0,0,0,2009-02-25 04:00:00,58,0.0,0.0,0.0,0.0,0.0,43.0,0.0,0.0,0.0
0,0,0,2009-02-26 04:00:00,59,0.0,0.0,0.0,0.0,0.0,44.0,0.0,0.0,0.0
0,0,0,2009-02-27 04:00:00,60,0.0,0.0,0.0,0.0,0.0,45.0,0.0,0.0,0.0
0,0,0,2009-02-28 04:00:00,61,0.0,0.0,0.0,0.0,0.0,46.0,0.0,0.0,0.0
0,0,0,2009-03-01 04:00:00,62,0.0,0.0,0.0,0.0,0.0,48.5,0.0,0.0,0.0
0,0,0,2009-03-02 04:00:00,63,0.0,0.0,0.0,0.0,0.0,49.5,0.0,0.0,0.0
0,0,0,2009-03-03 04:00:00,64,0.0,0.0,0.0,0.0,0.0,50.5,0.0,0.0,0.0
0,0,0,2009-03-04 04:00:00,65,0.0,0.0,0.0,0.0,0.0,51.5,0.0,0.0,0.0
0,0,0,2009-03-05 04:00:00,66,0.0,0.0,0.0,0.0,0.0,52.5,0.0,0.0,0.0
0,0,0,2009-03-06 04:00:00,67,0.0,0.0,0.0,0.0,0.0,53.5,0.0,0.0,0.0
0,0,0,2009-03-07 04:00:00,68,0.0,0.0,0.0,0.0,0.0,54.5,0.0,0.0,0.0
0,0,0,2009-03-08 04:00:00,69,0.0,0.0,0.0,0.0,0.0,55.5,0.0,0.0,0.0
0,0,0,2009-03-09 04:00:00,70,0.0,0.0,0.0,0.0,0.0,56.5,0.0,0.0,0.0
0,0,0,2009-03-10 04:00:00,71,0.0,0.0,0.0,0.0,0.0,57.5,0.0,0.0,0.0
0,0,0,2009-03-11 04:00:00,72,0.0,0.0,0.0,0.0,0.0,58.5,0.0,0.0,0.0
0,0,0,2009-03-12 04:00:00,73,0.0,0.0,0.0,0.0,0.0,59.5,0.0,0.0,0.0
0,0,0,2009-03-13 04:00:00,74,0.0,0.0,0.0,0.0,0.0,60.5,0.0,0.0,0.0
0,0,0,2009-03-14 04:00:00,75,0.0,0.0,0.0,0.0,0.0,61.5,0.0,0.0,0.0
0,0,0,2009-03-15 04:00:00,76,0.0,0.0,0.0,0.0,0.0,62.5,0.0,0.0,0.0
0,0,0,2009-03-16 04:00:00,77,0.0,0.0,0.0,0.0,0.0,63.5,0.0,0.0,0.0
0,0,0,2009-03-17 04:00:00,78,0.0,0.0,0.0,0.0,0.0,64.5,0.0,0.0,0.0
0,0,0,2009-03-18 04:00:00,79,0.0,0.0,0.0,0.0,0.0,65.5,0.0,0.0,0.0
0,0,0,2009-03-19 04:00:00,80,0.0,0.0,0.0,0.0,0.0,66.5,0.0,0.0,0.0
0,0,0,2009-03-20 04:00:00,81,0.0,0.0,0.0,0.0,0.0,67.5,0.0,0.0,0.0
0,0,0,2009-03-21 04:00:00,82,0.0,0.0,0.0,0.0,0.0,68.5,0.0,0.0,0.0
0,0,0,2009-03-22 04:00:00,83,0.0,0.0,0.0,0.0,0.0,69.5,0.0,0.0,0.0
0,0,0,2009-03-23 04:00:00,84,0.0,0.0,0.0,0.0,0.0,70.5,0.0,0.0,0.0
0,0,0,2009-03-24 04:00:00,85,0.0,0.0,0.0,0.0,0.0,71.5,0.0,0.0,0.0
0,0,0,2009-03-25 04:00:00,86,0.0,0.0,0.0,0.0,0.0,72.5,0.0,0.0,0.0
0,0,0,2009-03-26 04:00:00,87,0.0,0.0,0.0,0.0,0.0,73.5,0.0,0.0,0.0
0,0,0,2009-03-27 04:00:00,88,0.0,0.0,0.0,0.0,0.0,74.5,0.0,0.0,0.0
0,0,0,2009-03-28 04:00:00,89,0.0,0.0,0.0,0.0,0.0,75.5,0.0,0.0,0.0
0,0,0,2009-03-29 04:00:00,90,0.0,0.0,0.0,0.0,0.0,76.0,0.0,0.0,0.0
0,0,0,2009-03-30 04:00:00,91,0.0,0.0,0.0,0.0,0.0,76.5,0.0,0.0,0.0
0,0,0,2009-03-31 04:00:00,92,0.0,0.0,0.0,0.0,0.0,77.0,0.0,0.0,0.0
0,0,0,2009-04-01 04:00:00,93,0.0,0.0,0.0,0.0,0.0,78.0,0.0,0.0,0.0
0,0,0,2009-04-02 04:00:00,94,0.0,0.0,0.0,0.0,0.0,79.0,0.0,0.0,0.0
0,0,0,2009-04-03 04:00:00,95,0.0,0.0,0.0,0.0,0.0,80.0,0.0,0.0,0.0
0,0,0,2009-04-04 04:00:00,96,0.0,0.0,0.0,0.0,0.0,81.0,0.0,0.0,0.0
0,0,0,2009-04-05 04:00:00,97,0.0,0.0,0.0,0.0,0.0,82.0,0.0,0.0,0.0
0,0,0,2009-04-06 04:00:00,98,0.0,0.0,0.0,0.0,0.0,83.0,0.0,0.0,0.0
0,0,0,2009-04-07 04:00:00,99,0.0,0.0,0.0,0.0,0.0,84.0,0.0,0.0,0.0
0,0,0,2009-04-08 04:00:00,100,0.0,0.0,0.0,0.0,0.0,85.0,0.0,0.0,0.0
0,0,0,2009-04-09 04:00:00,101,0.0,0.0,0.0,0.0,0.0,86.0,0.0,0.0,0.0
0,0,0,2009-04-10 04:00:00,102,0.0,0.0,0.0,0.0,0.0,87.0,0.0,0.0,0.0
0,0,0,2009-04-11 04:00:00,103,0.0,0.0,0.0,0.0,0.0,88.0,0.0,0.0,0.0
0,0,0,2009-04-12 04:00:00,104,0.0,0.0,0.0,0.0,0.0,89.0,0.0,0.0,0.0
0,0,0,2009-04-13 04:00:00,105,0.0,0.0,0.0,0.0,0.0,90.0,0.0,0.0,0.0
0,0,0,2009-04-14 04:00:00,106,0.0,0.0,0.0,0.0,0.0,91.0,0.0,0.0,0.0
0,0,0,2009-04-15 04:00:00,107,0.0,0.0,0.0,0.0,0.0,92.0,0.0,0.0,0.0
0,0,0,2009-04-16 04:00:00,108,0.0,8.0,0.09947916666666667,0.321875,0.25806451612903225,93.0,0.0,0.003209005376344086,0.010383064516129033
0,0,0,2009-04-17 04:00:00,0,0.0,0.0,0.0,0.0,0.25806451612903225,90.48387096774194,0.0,0.003209005376344086,0.010383064516129033
0,0,0,2009-04-18 04:00:00,1,0.0,0.0,0.0,0.0,0.25806451612903225,87.96774193548387,0.0,0.003209005376344086,0.010383064516129033
0,0,0,2009-04-19 04:00:00,2,0.0,0.0,0.0,0.0,0.25806451612903225,85.45161290322581,0.0,0.003209005376344086,0.010383064516129033
0,0,0,2009-04-20 04:00:00,3,0.0,0.0,0.0,0.0,0.25806451612903225,82.93548387096774,0.0,0.003209005376344086,0.010383064516129033
0,0,0,2009-04-21 04:00:00,4,0.0,0.0,0.0,0.0,0.25806451612903225,80.41935483870968,0.0,0.003209005376344086,0.010383064516129033
0,0,0,2009-04-22 04:00:00,5,0.0,0.0,0.0,0.0,0.25806451612903225,77.90322580645162,0.0,0.003209005376344086,0.010383064516129033
0,0,0,2009-04-23 04:00:00,6,0.0,0.0,0.0,0.0,0.25806451612903225,75.38709677419355,0.0,0.003209005376344086,0.010383064516129033
0,0,0,2009-04-24 04:00:00,7,0.0,0.0,0.0,0.0,0.25806451612903225,72.87096774193549,0.0,0.003209005376344086,0.010383064516129033
0,0,0,2009-04-25 04:00:00,8,0.0,0.0,0.0,0.0,0.25806451612903225,70.35483870967742,0.0,0.003209005376344086,0.010383064516129033
0,0,0,2009-04-26 04:00:00,9,0.0,0.0,0.0,0.0,0.25806451612903225,67.83870967741936,0.0,0.003209005376344086,0.010383064516129033
0,0,0,2009-04-27 04:00:00,10,0.0,0.0,0.0,0.0,0.25806451612903225,65.3225806451613,0.0,0.003209005376344086,0.010383064516129033
0,0,0,2009-04-28 04:00:00,11,0.0,0.0,0.0,0.0,0.25806451612903225,62.806451612903224,0.0,0.003209005376344086,0.010383064516129033
0,0,0,2009-04-29 04:00:00,12,0.0,0.0,0.0,0.0,0.25806451612903225,60.29032258064516,0.0,0.003209005376344086,0.010383064516129033
0,0,0,2009-04-30 04:00:00,13,0.0,0.0,0.0,0.0,0.25806451612903225,57.774193548387096,0.0,0.003209005376344086,0.010383064516129033
0,0,0,2009-05-01 04:00:00,14,0.0,0.0,0.0,0.0,0.26666666666666666,54.0,0.0,0.0033159722222222223,0.010729166666666668
0,0,0,2009-05-02 04:00:00,15,0.0,0.0,0.0,0.0,0.26666666666666666,51.36666666666667,0.0,0.0033159722222222223,0.010729166666666668
0,0,0,2009-05-03 04:00:00,16,0.0,0.0,0.0,0.0,0.26666666666666666,48.733333333333334,0.0,0.0033159722222222223,0.010729166666666668
0,0,0,2009-05-04 04:00:00,17,0.0,0.0,0.0,0.0,0.26666666666666666,46.1,0.0,0.0033159722222222223,0.010729166666666668
0,0,0,2009-05-05 04:00:00,18,0.0,0.0,0.0,0.0,0.26666666666666666,43.46666666666667,0.0,0.0033159722222222223,0.010729166666666668
0,0,0,2009-05-06 04:00:00,19,0.0,0.0,0.0,0.0,0.26666666666666666,40.833333333333336,0.0,0.0033159722222222223,0.010729166666666668
0,0,0,2009-05-07 04:00:00,20,0.0,0.0,0.0,0.0,0.26666666666666666,38.2,0.0,0.0033159722222222223,0.010729166666666668
0,0,0,2009-05-08 04:00:00,21,0.0,0.0,0.0,0.0,0.26666666666666666,35.56666666666667,0.0,0.0033159722222222223,0.010729166666666668
0,0,0,2009-05-09 04:00:00,22,0.0,0.0,0.0,0.0,0.26666666666666666,32.93333333333333,0.0,0.0033159722222222223,0.010729166666666668
0,0,0,2009-05-10 04:00:00,23,0.0,0.0,0.0,0.0,0.26666666666666666,30.3,0.0,0.0033159722222222223,0.010729166666666668
0,0,0,2009-05-11 04:00:00,24,0.0,0.0,0.0,0.0,0.26666666666666666,27.666666666666668,0.0,0.0033159722222222223,0.010729166666666668
0,0,0,2009-05-12 04:00:00,25,0.0,0.0,0.0,0.0,0.26666666666666666,25.033333333333335,0.0,0.0033159722222222223,0.010729166666666668
0,0,0,2009-05-13 04:00:00,26,0.0,9.0,-0.1333333333333333,0.4722222222222222,0.5666666666666667,22.4,0.0,-0.001128472222222221,0.026469907407407407
0,0,0,2009-05-14 04:00:00,0,0.0,0.0,0.0,0.0,0.5666666666666667,18.866666666666667,0.0,-0.001128472222222221,0.026469907407407407
0,0,0,2009-05-15 04:00:00,1,0.0,0.0,0.0,0.0,0.5666666666666667,15.333333333333334,0.0,-0.001128472222222221,0.026469907407407407
0,0,0,2009-05-16 04:00:00,2,0.0,0.0,0.0,0.0,0.3,11.8,0.0,-0.004444444444444444,0.01574074074074074
0,0,0,2009-05-17 04:00:00,3,0.0,0.0,0.0,0.0,0.3,11.9,0.0,-0.004444444444444444,0.01574074074074074
0,0,0,2009-05-18 04:00:00,4,0.0,0.0,0.0,0.0,0.3,12.0,0.0,-0.004444444444444444,0.01574074074074074
0,0,0,2009-05-19 04:00:00,5,0.0,0.0,0.0,0.0,0.3,12.1,0.0,-0.004444444444444444,0.01574074074074074
0,0,0,2009-05-20 04:00:00,6,0.0,0.0,0.0,0.0,0.3,12.2,0.0,-0.004444444444444444,0.01574074074074074
0,0,0,2009-05-21 04:00:00,7,0.0,0.0,0.0,0.0,0.3,12.3,0.0,-0.004444444444444444,0.01574074074074074
0,0,0,2009-05-22 04:00:00,8,0.0,0.0,0.0,0.0,0.3,12.4,0.0,-0.004444444444444444,0.01574074074074074
0,0,0,2009-05-23 04:00:00,9,0.0,0.0,0.0,0.0,0.3,12.5,0.0,-0.004444444444444444,0.01574074074074074
0,0,0,2009-05-24 04:00:00,10,0.0,0.0,0.0,0.0,0.3,12.6,0.0,-0.004444444444444444,0.01574074074074074
0,0,0,2009-05-25 04:00:00,11,0.0,0.0,0.0,0.0,0.3,12.7,0.0,-0.004444444444444444,0.01574074074074074
0,0,0,2009-05-26 04:00:00,12,0.0,0.0,0.0,0.0,0.3,12.8,0.0,-0.004444444444444444,0.01574074074074074
0,0,0,2009-05-27 04:00:00,13,0.0,6.0,0.2,0.25416666666666665,0.5,12.9,0.0,0.0022222222222222235,0.02421296296296296
0,0,0,2009-05-28 04:00:00,0,0.0,0.0,0.0,0.0,0.5,12.533333333333333,0.0,0.0022222222222222235,0.02421296296296296
0,0,0,2009-05-29 04:00:00,1,0.0,0.0,0.0,0.0,0.5,12.166666666666666,0.0,0.0022222222222222235,0.02421296296296296
0,0,0,2009-05-30 04:00:00,2,0.0,0.0,0.0,0.0,0.5,11.8,0.0,0.0022222222222222235,0.02421296296296296
0,0,0,2009-05-31 04:00:00,3,0.0,0.0,0.0,0.0,0.4838709677419355,11.516129032258064,0.0,0.0021505376344086034,0.02343189964157706
0,0,0,2009-06-01 04:00:00,4,0.0,0.0,0.0,0.0,0.4838709677419355,11.193548387096774,0.0,0.0021505376344086034,0.02343189964157706
0,0,0,2009-06-02 04:00:00,5,0.0,0.0,0.0,0.0,0.4838709677419355,10.870967741935484,0.0,0.0021505376344086034,0.02343189964157706
0,0,0,2009-06-03 04:00:00,6,0.0,0.0,0.0,0.0,0.4838709677419355,10.548387096774194,0.0,0.0021505376344086034,0.02343189964157706
0,0,0,2009-06-04 04:00:00,7,0.0,0.0,0.0,0.0,0.4838709677419355,10.225806451612904,0.0,0.0021505376344086034,0.02343189964157706
0,0,0,2009-06-05 04:00:00,8,0.0,0.0,0.0,0.0,0.4838709677419355,9.903225806451612,0.0,0.0021505376344086034,0.02343189964157706
0,0,0,2009-06-06 04:00:00,9,0.0,0.0,0.0,0.0,0.4838709677419355,9.580645161290322,0.0,0.0021505376344086034,0.02343189964157706
0,0,0,2009-06-07 04:00:00,10,0.0,0.0,0.0,0.0,0.4838709677419355,9.258064516129032,0.0,0.0021505376344086034,0.02343189964157706
0,0,0,2009-06-08 04:00:00,11,0.0,0.0,0.0,0.0,0.4838709677419355,8.935483870967742,0.0,0.0021505376344086034,0.02343189964157706
0,0,0,2009-06-09 04:00:00,12,0.0,0.0,0.0,0.0,0.4838709677419355,8.612903225806452,0.0,0.0021505376344086034,0.02343189964157706
0,0,0,2009-06-10 04:00:00,13,0.0,0.0,0.0,0.0,0.4838709677419355,8.290322580645162,0.0,0.0021505376344086034,0.02343189964157706
0,0,0,2009-06-11 04:00:00,14,0.0,0.0,0.0,0.0,0.4838709677419355,7.967741935483871,0.0,0.0021505376344086034,0.02343189964157706
0,0,0,2009-06-12 04:00:00,15,0.0,0.0,0.0,0.0,0.4838709677419355,7.645161290322581,0.0,0.0021505376344086034,0.02343189964157706
0,0,0,2009-06-13 04:00:00,16,0.0,0.0,0.0,0.0,0.1935483870967742,7.32258064516129,0.0,0.0064516129032258064,0.008198924731182795
0,0,0,2009-06-14 04:00:00,17,0.0,0.0,0.0,0.0,0.1935483870967742,7.870967741935484,0.0,0.0064516129032258064,0.008198924731182795
0,0,0,2009-06-15 04:00:00,18,0.0,0.0,0.0,0.0,0.1935483870967742,8.419354838709678,0.0,0.0064516129032258064,0.008198924731182795
0,0,0,2009-06-16 04:00:00,19,0.0,0.0,0.0,0.0,0.1935483870967742,8.96774193548387,0.0,0.0064516129032258064,0.008198924731182795
0,0,0,2009-06-17 04:00:00,20,0.0,0.0,0.0,0.0,0.1935483870967742,9.516129032258064,0.0,0.0064516129032258064,0.008198924731182795
0,0,0,2009-06-18 04:00:00,21,0.0,0.0,0.0,0.0,0.1935483870967742,10.064516129032258,0.0,0.0064516129032258064,0.008198924731182795
0,0,0,2009-06-19 04:00:00,22,0.0,0.0,0.0,0.0,0.1935483870967742,10.612903225806452,0.0,0.0064516129032258064,0.008198924731182795
0,0,0,2009-06-20 04:00:00,23,0.0,0.0,0.0,0.0,0.1935483870967742,11.161290322580646,0.0,0.0064516129032258064,0.008198924731182795
0,0,0,2009-06-21 04:00:00,24,0.0,0.0,0.0,0.0,0.1935483870967742,11.709677419354838,0.0,0.0064516129032258064,0.008198924731182795
0,0,0,2009-06-22 04:00:00,25,0.0,0.0,0.0,0.0,0.1935483870967742,12.258064516129032,0.0,0.0064516129032258064,0.008198924731182795
0,0,0,2009-06-23 04:00:00,26,0.0,0.0,0.0,0.0,0.1935483870967742,12.806451612903226,0.0,0.0064516129032258064,0.008198924731182795
0,0,0,2009-06-24 04:00:00,27,0.0,0.0,0.0,0.0,0.1935483870967742,13.35483870967742,0.0,0.0064516129032258064,0.008198924731182795
0,0,0,2009-06-25 04:00:00,28,0.0,0.0,0.0,0.0,0.1935483870967742,13.903225806451612,0.0,0.0064516129032258064,0.008198924731182795
0,0,0,2009-06-26 04:00:00,29,0.0,0.0,0.0,0.0,0.1935483870967742,14.451612903225806,0.0,0.0064516129032258064,0.008198924731182795
0,0,0,2009-06-27 04:00:00,30,0.0,0.0,0.0,0.0,0.0,15.0,0.0,0.0,0.0
0,0,0,2009-06-28 04:00:00,31,0.0,0.0,0.0,0.0,0.0,16.0,0.0,0.0,0.0
0,0,0,2009-06-29 04:00:00,32,0.0,0.0,0.0,0.0,0.0,17.0,0.0,0.0,0.0
0,0,0,2009-06-30 04:00:00,33,0.0,0.0,0.0,0.0,0.0,18.0,0.0,0.0,0.0
0,0,0,2009-07-01 04:00:00,34,0.0,0.0,0.0,0.0,0.0,19.5,0.0,0.0,0.0
0,0,0,2009-07-02 04:00:00,35,0.0,0.0,0.0,0.0,0.0,20.5,0.0,0.0,0.0
0,0,0,2009-07-03 04:00:00,36,0.0,0.0,0.0,0.0,0.0,21.5,0.0,0.0,0.0
0,0,0,2009-07-04 04:00:00,37,0.0,0.0,0.0,0.0,0.0,22.5,0.0,0.0,0.0
0,0,0,2009-07-05 04:00:00,38,0.0,0.0,0.0,0.0,0.0,23.5,0.0,0.0,0.0
0,0,0,2009-07-06 04:00:00,39,0.0,0.0,0.0,0.0,0.0,24.5,0.0,0.0,0.0
0,0,0,2009-07-07 04:00:00,40,0.0,0.0,0.0,0.0,0.0,25.5,0.0,0.0,0.0
0,0,0,2009-07-08 04:00:00,41,0.0,0.0,0.0,0.0,0.0,26.5,0.0,0.0,0.0
0,0,0,2009-07-09 04:00:00,42,0.0,0.0,0.0,0.0,0.0,27.5,0.0,0.0,0.0
0,0,0,2009-07-10 04:00:00,43,0.0,0.0,0.0,0.0,0.0,28.5,0.0,0.0,0.0
0,0,0,2009-07-11 04:00:00,44,0.0,0.0,0.0,0.0,0.0,29.5,0.0,0.0,0.0
0,0,0,2009-07-12 04:00:00,45,0.0,0.0,0.0,0.0,0.0,30.5,0.0,0.0,0.0
0,0,0,2009-07-13 04:00:00,46,0.0,0.0,0.0,0.0,0.0,31.5,0.0,0.0,0.0
0,0,0,2009-07-14 04:00:00,47,0.0,0.0,0.0,0.0,0.0,32.5,0.0,0.0,0.0
0,0,0,2009-07-15 04:00:00,48,0.0,0.0,0.0,0.0,0.0,33.5,0.0,0.0,0.0
0,0,0,2009-07-16 04:00:00,49,0.0,0.0,0.0,0.0,0.0,34.5,0.0,0.0,0.0
0,0,0,2009-07-17 04:00:00,50,0.0,0.0,0.0,0.0,0.0,35.5,0.0,0.0,0.0
0,0,0,2009-07-18 04:00:00,51,0.0,0.0,0.0,0.0,0.0,36.5,0.0,0.0,0.0
0,0,0,2009-07-19 04:00:00,52,0.0,0.0,0.0,0.0,0.0,37.5,0.0,0.0,0.0
0,0,0,2009-07-20 04:00:00,53,0.0,0.0,0.0,0.0,0.0,38.5,0.0,0.0,0.0
0,0,0,2009-07-21 04:00:00,54,0.0,0.0,0.0,0.0,0.0,39.5,0.0,0.0,0.0
0,0,0,2009-07-22 04:00:00,55,0.0,0.0,0.0,0.0,0.0,40.5,0.0,0.0,0.0
0,0,0,2009-07-23 04:00:00,56,0.0,0.0,0.0,0.0,0.0,41.5,0.0,0.0,0.0
0,0,0,2009-07-24 04:00:00,57,0.0,0.0,0.0,0.0,0.0,42.5,0.0,0.0,0.0
0,0,0,2009-07-25 04:00:00,58,0.0,0.0,0.0,0.0,0.0,43.5,0.0,0.0,0.0
0,0,0,2009-07-26 04:00:00,59,0.0,0.0,0.0,0.0,0.0,44.5,0.0,0.0,0.0
0,0,0,2009-07-27 04:00:00,60,0.0,0.0,0.0,0.0,0.0,45.5,0.0,0.0,0.0
0,0,0,2009-07-28 04:00:00,61,0.0,0.0,0.0,0.0,0.0,46.5,0.0,0.0,0.0
0,0,0,2009-07-29 04:00:00,62,0.0,0.0,0.0,0.0,0.0,47.5,0.0,0.0,0.0
0,0,0,2009-07-30 04:00:00,63,0.0,0.0,0.0,0.0,0.0,48.5,0.0,0.0,0.0
0,0,0,2009-07-31 04:00:00,64,0.0,0.0,0.0,0.0,0.0,49.0,0.0,0.0,0.0
0,0,0,2009-08-01 04:00:00,65,0.0,0.0,0.0,0.0,0.0,50.0,0.0,0.0,0.0
0,0,0,2009-08-02 04:00:00,66,0.0,0.0,0.0,0.0,0.0,51.0,0.0,0.0,0.0
0,0,0,2009-08-03 04:00:00,67,0.0,0.0,0.0,0.0,0.0,52.0,0.0,0.0,0.0
0,0,0,2009-08-04 04:00:00,68,0.0,0.0,0.0,0.0,0.0,53.0,0.0,0.0,0.0
0,0,0,2009-08-05 04:00:00,69,0.0,0.0,0.0,0.0,0.0,54.0,0.0,0.0,0.0
0,0,0,2009-08-06 04:00:00,70,0.0,0.0,0.0,0.0,0.0,55.0,0.0,0.0,0.0
0,0,0,2009-08-07 04:00:00,71,0.0,0.0,0.0,0.0,0.0,56.0,0.0,0.0,0.0
0,0,0,2009-08-08 04:00:00,72,0.0,0.0,0.0,0.0,0.0,57.0,0.0,0.0,0.0
0,0,0,2009-08-09 04:00:00,73,0.0,0.0,0.0,0.0,0.0,58.0,0.0,0.0,0.0
0,0,0,2009-08-10 04:00:00,74,0.0,0.0,0.0,0.0,0.0,59.0,0.0,0.0,0.0
0,0,0,2009-08-11 04:00:00,75,0.0,0.0,0.0,0.0,0.0,60.0,0.0,0.0,0.0
0,0,0,2009-08-12 04:00:00,76,0.0,0.0,0.0,0.0,0.0,61.0,0.0,0.0,0.0
0,0,0,2009-08-13 04:00:00,77,0.0,0.0,0.0,0.0,0.0,62.0,0.0,0.0,0.0
0,0,0,2009-08-14 04:00:00,78,0.0,8.333333333333334,0.1229273504273504,0.4075854700854701,0.2688172043010753,63.0,0.0,0.003965398400882271,0.013147918389853873
0,0,0,2009-08-15 04:00:00,0,0.0,0.0,0.0,0.0,0.2688172043010753,61.45161290322581,0.0,0.003965398400882271,0.013147918389853873
0,0,0,2009-08-16 04:00:00,1,0.0,0.0,0.0,0.0,0.2688172043010753,59.903225806451616,0.0,0.003965398400882271,0.013147918389853873
0,0,0,2009-08-17 04:00:00,2,0.0,0.0,0.0,0.0,0.2688172043010753,58.354838709677416,0.0,0.003965398400882271,0.013147918389853873
0,0,0,2009-08-18 04:00:00,3,0.0,0.0,0.0,0.0,0.2688172043010753,56.806451612903224,0.0,0.003965398400882271,0.013147918389853873
0,0,0,2009-08-19 04:00:00,4,0.0,0.0,0.0,0.0,0.2688172043010753,55.25806451612903,0.0,0.003965398400882271,0.013147918389853873
0,0,0,2009-08-20 04:00:00,5,0.0,0.0,0.0,0.0,0.2688172043010753,53.70967741935484,0.0,0.003965398400882271,0.013147918389853873
0,0,0,2009-08-21 04:00:00,6,0.0,0.0,0.0,0.0,0.2688172043010753,52.16129032258065,0.0,0.003965398400882271,0.013147918389853873
0,0,0,2009-08-22 04:00:00,7,0.0,0.0,0.0,0.0,0.2688172043010753,50.61290322580645,0.0,0.003965398400882271,0.013147918389853873
0,0,0,2009-08-23 04:00:00,8,0.0,0.0,0.0,0.0,0.2688172043010753,49.064516129032256,0.0,0.003965398400882271,0.013147918389853873
0,0,0,2009-08-24 04:00:00,9,0.0,0.0,0.0,0.0,0.2688172043010753,47.516129032258064,0.0,0.003965398400882271,0.013147918389853873
0,0,0,2009-08-25 04:00:00,10,0.0,0.0,0.0,0.0,0.2688172043010753,45.96774193548387,0.0,0.003965398400882271,0.013147918389853873
0,0,0,2009-08-26 04:00:00,11,0.0,0.0,0.0,0.0,0.2688172043010753,44.41935483870968,0.0,0.003965398400882271,0.013147918389853873
0,0,0,2009-08-27 04:00:00,12,0.0,0.0,0.0,0.0,0.2688172043010753,42.87096774193548,0.0,0.003965398400882271,0.013147918389853873
0,0,0,2009-08-28 04:00:00,13,0.0,0.0,0.0,0.0,0.2688172043010753,41.32258064516129,0.0,0.003965398400882271,0.013147918389853873
0,0,0,2009-08-29 04:00:00,14,0.0,0.0,0.0,0.0,0.2688172043010753,39.774193548387096,0.0,0.003965398400882271,0.013147918389853873
0,0,0,2009-08-30 04:00:00,15,0.0,0.0,0.0,0.0,0.2688172043010753,38.225806451612904,0.0,0.003965398400882271,0.013147918389853873
0,0,0,2009-08-31 04:00:00,16,0.0,0.0,0.0,0.0,0.2688172043010753,36.67741935483871,0.0,0.003965398400882271,0.013147918389853873
0,0,0,2009-09-01 04:00:00,17,0.0,0.0,0.0,0.0,0.2688172043010753,35.12903225806452,0.0,0.003965398400882271,0.013147918389853873
0,0,0,2009-09-02 04:00:00,18,0.0,0.0,0.0,0.0,0.2688172043010753,33.58064516129032,0.0,0.003965398400882271,0.013147918389853873
0,0,0,2009-09-03 04:00:00,19,0.0,0.0,0.0,0.0,0.2688172043010753,32.03225806451613,0.0,0.003965398400882271,0.013147918389853873
0,0,0,2009-09-04 04:00:00,20,0.0,0.0,0.0,0.0,0.2688172043010753,30.483870967741936,0.0,0.003965398400882271,0.013147918389853873
0,0,0,2009-09-05 04:00:00,21,0.0,0.0,0.0,0.0,0.2688172043010753,28.93548387096774,0.0,0.003965398400882271,0.013147918389853873
0,0,0,2009-09-06 04:00:00,22,0.0,0.0,0.0,0.0,0.2688172043010753,27.387096774193548,0.0,0.003965398400882271,0.013147918389853873
0,0,0,2009-09-07 04:00:00,23,0.0,0.0,0.0,0.0,0.2688172043010753,25.838709677419356,0.0,0.003965398400882271,0.013147918389853873
0,0,0,2009-09-08 04:00:00,24,0.0,0.0,0.0,0.0,0.2688172043010753,24.29032258064516,0.0,0.003965398400882271,0.013147918389853873
0,0,0,2009-09-09 04:00:00,25,0.0,0.0,0.0,0.0,0.2688172043010753,22.741935483870968,0.0,0.003965398400882271,0.013147918389853873
0,0,0,2009-09-10 04:00:00,26,0.0,0.0,0.0,0.0,0.2688172043010753,21.193548387096776,0.0,0.003965398400882271,0.013147918389853873
0,0,0,2009-09-11 04:00:00,27,0.0,0.0,0.0,0.0,0.2688172043010753,19.64516129032258,0.0,0.003965398400882271,0.013147918389853873
0,0,0,2009-09-12 04:00:00,28,0.0,0.0,0.0,0.0,0.2688172043010753,18.096774193548388,0.0,0.003965398400882271,0.013147918389853873
0,0,0,2009-09-13 04:00:00,29,0.0,0.0,0.0,0.0,0.2688172043010753,16.548387096774192,0.0,0.003965398400882271,0.013147918389853873
0,0,0,2009-09-14 04:00:00,30,0.0,0.0,0.0,0.0,0.0,15.0,0.0,0.0,0.0
0,0,0,2009-09-15 04:00:00,31,0.0,0.0,0.0,0.0,0.0,16.0,0.0,0.0,0.0
0,0,0,2009-09-16 04:00:00,32,0.0,0.0,0.0,0.0,0.0,17.0,0.0,0.0,0.0
0,0,0,2009-09-17 04:00:00,33,0.0,0.0,0.0,0.0,0.0,18.0,0.0,0.0,0.0
0,0,0,2009-09-18 04:00:00,34,0.0,0.0,0.0,0.0,0.0,19.0,0.0,0.0,0.0
0,0,0,2009-09-19 04:00:00,35,0.0,0.0,0.0,0.0,0.0,20.0,0.0,0.0,0.0
0,0,0,2009-09-20 04:00:00,36,0.0,0.0,0.0,0.0,0.0,21.0,0.0,0.0,0.0
0,0,0,2009-09-21 04:00:00,37,0.0,0.0,0.0,0.0,0.0,22.0,0.0,0.0,0.0
0,0,0,2009-09-22 04:00:00,38,0.0,0.0,0.0,0.0,0.0,23.0,0.0,0.0,0.0
0,0,0,2009-09-23 04:00:00,39,0.0,0.0,0.0,0.0,0.0,24.0,0.0,0.0,0.0
0,0,0,2009-09-24 04:00:00,40,0.0,0.0,0.0,0.0,0.0,25.0,0.0,0.0,0.0
0,0,0,2009-09-25 04:00:00,41,0.0,0.0,0.0,0.0,0.0,26.0,0.0,0.0,0.0
0,0,0,2009-09-26 04:00:00,42,0.0,0.0,0.0,0.0,0.0,27.0,0.0,0.0,0.0
0,0,0,2009-09-27 04:00:00,43,0.0,0.0,0.0,0.0,0.0,28.0,0.0,0.0,0.0
0,0,0,2009-09-28 04:00:00,44,0.0,0.0,0.0,0.0,0.0,29.0,0.0,0.0,0.0
0,0,0,2009-09-29 04:00:00,45,0.0,0.0,0.0,0.0,0.0,30.0,0.0,0.0,0.0
0,0,0,2009-09-30 04:00:00,46,0.0,0.0,0.0,0.0,0.0,31.0,0.0,0.0,0.0
0,0,0,2009-10-01 04:00:00,47,0.0,0.0,0.0,0.0,0.0,32.5,0.0,0.0,0.0
0,0,0,2009-10-02 04:00:00,48,0.0,0.0,0.0,0.0,0.0,33.5,0.0,0.0,0.0
0,0,0,2009-10-03 04:00:00,49,0.0,0.0,0.0,0.0,0.0,34.5,0.0,0.0,0.0
0,0,0,2009-10-04 04:00:00,50,0.0,0.0,0.0,0.0,0.0,35.5,0.0,0.0,0.0
0,0,0,2009-10-05 04:00:00,51,0.0,0.0,0.0,0.0,0.0,36.5,0.0,0.0,0.0
0,0,0,2009-10-06 04:00:00,52,0.0,0.0,0.0,0.0,0.0,37.5,0.0,0.0,0.0
0,0,0,2009-10-07 04:00:00,53,0.0,0.0,0.0,0.0,0.0,38.5,0.0,0.0,0.0
0,0,0,2009-10-08 04:00:00,54,0.0,0.0,0.0,0.0,0.0,39.5,0.0,0.0,0.0
0,0,0,2009-10-09 04:00:00,55,0.0,0.0,0.0,0.0,0.0,40.5,0.0,0.0,0.0
0,0,0,2009-10-10 04:00:00,56,0.0,0.0,0.0,0.0,0.0,41.5,0.0,0.0,0.0
0,0,0,2009-10-11 04:00:00,57,0.0,0.0,0.0,0.0,0.0,42.5,0.0,0.0,0.0
0,0,0,2009-10-12 04:00:00,58,0.0,0.0,0.0,0.0,0.0,43.5,0.0,0.0,0.0
0,0,0,2009-10-13 04:00:00,59,0.0,0.0,0.0,0.0,0.0,44.5,0.0,0.0,0.0
